1, 734, 34, 6
2, 817, 2, 14
3, 402, 66, 13
4, 1955, 58, 8
5, 116, 43, 15
6, 1063, 77, 1
7, 1337, 56, 1
8, 1656, 7, 2
9, 1399, 90, 11
10, 957, 39, 10
11, 21, 29, 10
12, 1896, 47, 7
13, 1253, 5, 9
14, 937, 78, 11
15, 794, 74, 3
16, 1813, 58, 13
17, 482, 20, 3
18, 1806, 59, 2
19, 555, 24, 6
20, 1446, 88, 11
21, 8, 16, 13
22, 1898, 54, 15
23, 1845, 98, 5
24, 580, 13, 3
25, 447, 16, 10
26, 397, 16, 15
27, 1395, 71, 14
28, 630, 70, 1
29, 1680, 50, 13
30, 1679, 69, 9
31, 1987, 16, 7
32, 1671, 44, 4
33, 1554, 89, 10
34, 1112, 26, 2
35, 942, 33, 14
36, 2000, 3, 2
37, 1728, 84, 4
38, 1257, 23, 8
39, 836, 85, 1
40, 75, 74, 3
41, 1429, 13, 9
42, 1224, 3, 8
43, 1904, 78, 12
44, 1049, 51, 7
45, 533, 3, 9
46, 1570, 91, 11
47, 488, 56, 3
48, 425, 42, 8
49, 1867, 27, 2
50, 115, 78, 3
51, 502, 37, 12
52, 1563, 91, 13
53, 1499, 10, 5
54, 926, 17, 14
55, 657, 58, 7
56, 1988, 49, 2
57, 1918, 14, 12
58, 483, 23, 7
59, 396, 72, 7
60, 451, 46, 9
61, 61, 66, 4
62, 1735, 60, 2
63, 1354, 33, 9
64, 68, 70, 11
65, 518, 77, 13
66, 1294, 21, 3
67, 1489, 93, 2
68, 1601, 24, 9
69, 1495, 89, 11
70, 1743, 99, 10
71, 101, 43, 13
72, 991, 9, 14
73, 315, 82, 9
74, 505, 35, 3
75, 908, 35, 12
76, 1396, 3, 7
77, 1497, 6, 15
78, 1854, 10, 9
79, 1755, 80, 8
80, 197, 51, 14
81, 385, 20, 1
82, 676, 17, 11
83, 94, 96, 15
84, 293, 56, 7
85, 1601, 78, 10
86, 183, 75, 8
87, 1359, 85, 1
88, 172, 14, 7
89, 787, 60, 10
90, 1269, 32, 9
91, 1156, 96, 4
92, 932, 27, 3
93, 351, 95, 14
94, 331, 100, 7
95, 1027, 59, 15
96, 1400, 75, 13
97, 160, 19, 8
98, 1777, 47, 3
99, 1500, 34, 7
100, 1631, 60, 8
101, 186, 46, 4
102, 229, 8, 4
103, 1663, 59, 1
104, 35, 15, 1
105, 494, 1, 4
106, 308, 54, 6
107, 1741, 72, 9
108, 1535, 85, 2
109, 52, 66, 4
110, 446, 56, 8
111, 188, 100, 4
112, 1736, 92, 14
113, 342, 38, 9
114, 407, 68, 4
115, 509, 46, 2
116, 1698, 92, 10
117, 1283, 48, 11
118, 1249, 68, 12
119, 931, 91, 9
120, 202, 28, 6
121, 686, 57, 10
122, 279, 56, 14
123, 654, 31, 9
124, 1463, 79, 14
125, 405, 47, 3
126, 1686, 71, 4
127, 1592, 98, 5
128, 586, 54, 9
129, 1961, 18, 8
130, 938, 23, 4
131, 1935, 4, 2
132, 1115, 69, 8
133, 1132, 59, 4
134, 1272, 46, 12
135, 526, 59, 11
136, 1719, 39, 13
137, 103, 63, 14
138, 656, 44, 6
139, 1872, 91, 11
140, 1252, 7, 6
141, 1775, 48, 15
142, 1918, 12, 14
143, 472, 88, 14
144, 1497, 37, 9
145, 144, 44, 6
146, 866, 93, 7
147, 712, 94, 15
148, 1104, 8, 8
149, 1717, 33, 6
150, 61, 24, 10
151, 1107, 53, 6
152, 1947, 64, 2
153, 1363, 67, 7
154, 684, 45, 14
155, 852, 43, 6
156, 1390, 37, 13
157, 430, 58, 5
158, 1445, 74, 9
159, 119, 33, 13
160, 1249, 83, 9
161, 1989, 91, 9
162, 347, 30, 6
163, 1545, 67, 15
164, 1310, 58, 3
165, 1571, 96, 9
166, 1805, 12, 1
167, 1060, 77, 14
168, 884, 98, 7
169, 1429, 40, 15
170, 181, 47, 3
171, 547, 4, 3
172, 1704, 47, 8
173, 304, 80, 11
174, 1974, 83, 15
175, 487, 83, 11
176, 579, 84, 7
177, 148, 6, 13
178, 29, 79, 9
179, 1451, 42, 3
180, 1595, 26, 1
181, 1058, 66, 6
182, 1377, 21, 10
183, 1400, 20, 14
184, 722, 81, 9
185, 1718, 76, 4
186, 970, 26, 10
187, 82, 25, 8
188, 608, 8, 7
189, 583, 46, 12
190, 703, 30, 1
191, 784, 48, 4
192, 269, 80, 15
193, 1147, 31, 14
194, 335, 18, 1
195, 744, 92, 4
196, 1834, 3, 13
197, 1082, 64, 8
198, 124, 36, 14
199, 235, 30, 8
200, 525, 76, 2
201, 348, 34, 10
202, 714, 54, 3
203, 245, 70, 3
204, 1720, 93, 12
205, 1217, 89, 11
206, 833, 33, 1
207, 1299, 5, 14
208, 1493, 62, 14
209, 1521, 64, 9
210, 166, 64, 7
211, 1705, 68, 2
212, 616, 64, 6
213, 20, 57, 8
214, 1067, 25, 4
215, 1438, 4, 7
216, 598, 41, 15
217, 116, 67, 12
218, 801, 18, 10
219, 1217, 18, 1
220, 1654, 99, 14
221, 1439, 78, 14
222, 473, 84, 12
223, 1896, 48, 13
224, 432, 70, 11
225, 1927, 63, 5
226, 1553, 71, 8
227, 129, 21, 9
228, 20, 15, 8
229, 622, 24, 10
230, 9, 21, 3
231, 1027, 4, 10
232, 1178, 13, 11
233, 1933, 72, 9
234, 1477, 74, 2
235, 237, 80, 11
236, 790, 75, 13
237, 640, 58, 9
238, 1440, 66, 8
239, 1182, 35, 1
240, 1546, 78, 10
241, 1053, 18, 14
242, 104, 17, 14
243, 83, 30, 10
244, 1413, 3, 11
245, 1218, 23, 2
246, 1393, 72, 9
247, 67, 37, 14
248, 441, 37, 14
249, 20, 85, 13
250, 1506, 6, 8
251, 133, 2, 6
252, 1379, 29, 7
253, 1020, 2, 1
254, 323, 12, 8
255, 1684, 82, 5
256, 87, 43, 11
257, 1458, 87, 7
258, 1441, 83, 3
259, 1218, 44, 5
260, 947, 70, 10
261, 1554, 46, 11
262, 1765, 52, 15
263, 1986, 51, 2
264, 1998, 84, 14
265, 1944, 99, 7
266, 810, 100, 11
267, 1413, 39, 15
268, 1469, 54, 13
269, 48, 31, 7
270, 1387, 37, 3
271, 1423, 78, 6
272, 209, 4, 6
273, 877, 72, 6
274, 1759, 6, 6
275, 1679, 17, 11
276, 596, 54, 11
277, 1468, 27, 5
278, 625, 2, 10
279, 342, 60, 5
280, 135, 11, 5
281, 1913, 96, 2
282, 576, 30, 8
283, 734, 4, 12
284, 892, 81, 15
285, 956, 58, 9
286, 833, 86, 12
287, 994, 94, 15
288, 50, 64, 10
289, 608, 10, 9
290, 611, 83, 5
291, 189, 8, 9
292, 1012, 95, 9
293, 76, 9, 1
294, 1823, 16, 13
295, 238, 93, 9
296, 1395, 42, 8
297, 1528, 47, 12
298, 1092, 44, 1
299, 989, 53, 11
300, 1274, 22, 12
301, 471, 40, 10
302, 366, 59, 5
303, 741, 19, 9
304, 338, 22, 7
305, 389, 37, 11
306, 972, 67, 4
307, 4, 26, 3
308, 1276, 71, 6
309, 1223, 15, 5
310, 1022, 28, 11
311, 1695, 58, 12
312, 1110, 75, 13
313, 1231, 92, 3
314, 1841, 34, 5
315, 2, 98, 6
316, 101, 88, 3
317, 616, 9, 12
318, 1090, 69, 9
319, 1839, 18, 2
320, 1644, 75, 7
321, 485, 87, 1
322, 1361, 32, 12
323, 995, 56, 6
324, 1519, 99, 4
325, 612, 21, 6
326, 1279, 18, 14
327, 1383, 45, 3
328, 630, 90, 9
329, 1267, 82, 8
330, 1298, 37, 14
331, 1639, 23, 10
332, 1742, 86, 12
333, 726, 57, 1
334, 549, 49, 9
335, 1966, 62, 12
336, 1516, 62, 13
337, 1824, 69, 2
338, 324, 18, 12
339, 1254, 33, 3
340, 783, 19, 8
341, 903, 66, 12
342, 554, 13, 15
343, 1876, 67, 13
344, 490, 39, 15
345, 19, 52, 9
346, 1379, 57, 12
347, 1669, 7, 3
348, 396, 40, 5
349, 987, 94, 15
350, 1256, 65, 12
351, 1298, 84, 8
352, 1591, 25, 3
353, 355, 33, 13
354, 1691, 36, 1
355, 1293, 20, 2
356, 873, 60, 8
357, 177, 25, 8
358, 933, 98, 2
359, 75, 35, 9
360, 1891, 54, 12
361, 1108, 36, 6
362, 1579, 46, 15
363, 1000, 64, 4
364, 1830, 19, 15
365, 1827, 36, 8
366, 1942, 44, 8
367, 1156, 63, 3
368, 323, 30, 11
369, 1481, 58, 8
370, 214, 24, 13
371, 849, 17, 7
372, 964, 67, 3
373, 1576, 26, 15
374, 1786, 20, 3
375, 1023, 1, 6
376, 1119, 65, 2
377, 696, 16, 13
378, 1692, 100, 9
379, 1522, 87, 2
380, 1949, 42, 9
381, 435, 10, 7
382, 1778, 61, 11
383, 916, 61, 13
384, 666, 33, 11
385, 1401, 52, 11
386, 1679, 28, 12
387, 480, 66, 6
388, 946, 40, 1
389, 1063, 82, 6
390, 14, 29, 7
391, 1068, 87, 3
392, 718, 88, 1
393, 458, 95, 5
394, 937, 77, 2
395, 1845, 61, 12
396, 1053, 49, 14
397, 117, 53, 8
398, 471, 48, 5
399, 1396, 99, 4
400, 1229, 42, 3
401, 1395, 43, 2
402, 816, 33, 3
403, 1975, 78, 6
404, 227, 50, 10
405, 787, 70, 6
406, 953, 73, 12
407, 131, 34, 7
408, 604, 74, 1
409, 1888, 84, 2
410, 827, 34, 7
411, 244, 82, 1
412, 1223, 4, 14
413, 1728, 89, 15
414, 1319, 84, 3
415, 1687, 20, 3
416, 1885, 53, 2
417, 1475, 20, 1
418, 1821, 41, 13
419, 715, 95, 4
420, 1268, 51, 13
421, 779, 93, 15
422, 1180, 48, 4
423, 677, 47, 12
424, 1263, 62, 15
425, 1362, 81, 6
426, 1490, 45, 5
427, 1934, 88, 7
428, 322, 81, 14
429, 508, 73, 11
430, 1595, 52, 14
431, 1586, 86, 3
432, 265, 91, 1
433, 549, 21, 7
434, 449, 29, 15
435, 1445, 64, 4
436, 203, 97, 5
437, 1630, 81, 3
438, 798, 69, 1
439, 1311, 35, 11
440, 1593, 21, 10
441, 627, 45, 9
442, 506, 37, 14
443, 1790, 3, 1
444, 1216, 69, 7
445, 605, 61, 4
446, 829, 65, 2
447, 1588, 45, 9
448, 1709, 33, 9
449, 1796, 59, 12
450, 1974, 97, 14
451, 745, 46, 13
452, 1865, 21, 10
453, 547, 10, 1
454, 115, 38, 5
455, 1883, 85, 11
456, 1430, 63, 7
457, 1173, 39, 15
458, 352, 67, 5
459, 1684, 21, 11
460, 1496, 69, 11
461, 340, 90, 6
462, 1054, 79, 6
463, 989, 71, 5
464, 573, 27, 10
465, 111, 1, 9
466, 1145, 34, 9
467, 1739, 38, 4
468, 249, 75, 1
469, 536, 88, 9
470, 508, 69, 8
471, 1927, 99, 14
472, 1770, 9, 8
473, 1730, 64, 12
474, 1300, 79, 10
475, 57, 55, 7
476, 1323, 34, 5
477, 1933, 66, 11
478, 865, 56, 12
479, 1111, 60, 10
480, 1866, 70, 5
481, 1281, 32, 12
482, 1502, 73, 14
483, 445, 24, 4
484, 1096, 68, 8
485, 795, 16, 9
486, 1553, 65, 12
487, 150, 26, 3
488, 854, 53, 10
489, 1933, 67, 3
490, 1805, 30, 8
491, 1245, 92, 3
492, 787, 61, 2
493, 560, 66, 8
494, 370, 98, 9
495, 672, 95, 8
496, 1268, 5, 1
497, 896, 95, 9
498, 1441, 8, 3
499, 1939, 2, 5
500, 1661, 35, 14
501, 43, 14, 15
502, 1246, 95, 8
503, 839, 92, 3
504, 550, 7, 14
505, 760, 72, 13
506, 1183, 88, 12
507, 1141, 66, 4
508, 303, 4, 8
509, 1403, 96, 6
510, 1978, 32, 2
511, 1094, 50, 7
512, 1585, 4, 3
513, 94, 41, 2
514, 1986, 55, 8
515, 1572, 3, 10
516, 1409, 52, 7
517, 599, 89, 1
518, 1736, 20, 3
519, 1672, 23, 8
520, 1926, 6, 1
521, 1991, 45, 3
522, 1928, 28, 8
523, 1213, 41, 14
524, 1338, 60, 13
525, 563, 50, 15
526, 1098, 74, 3
527, 1927, 67, 7
528, 1797, 38, 15
529, 618, 67, 3
530, 1181, 62, 8
531, 1614, 14, 12
532, 283, 64, 10
533, 1225, 69, 10
534, 854, 71, 6
535, 1609, 55, 6
536, 1544, 11, 4
537, 771, 43, 15
538, 23, 48, 10
539, 1944, 91, 10
540, 9, 44, 14
541, 6, 89, 2
542, 1808, 73, 2
543, 1415, 33, 8
544, 1314, 33, 15
545, 1186, 97, 13
546, 530, 76, 9
547, 1692, 47, 6
548, 1542, 55, 8
549, 1849, 83, 4
550, 1677, 15, 13
551, 1893, 82, 6
552, 1456, 31, 9
553, 1681, 25, 14
554, 1339, 98, 11
555, 407, 23, 6
556, 1643, 64, 2
557, 49, 94, 10
558, 259, 73, 3
559, 1668, 96, 14
560, 1894, 71, 7
561, 179, 67, 4
562, 775, 7, 14
563, 1931, 32, 3
564, 575, 81, 9
565, 52, 12, 12
566, 273, 32, 5
567, 665, 51, 8
568, 1612, 89, 11
569, 342, 41, 1
570, 1908, 74, 9
571, 770, 4, 9
572, 1052, 98, 9
573, 275, 94, 8
574, 129, 36, 8
575, 324, 19, 4
576, 1543, 53, 2
577, 835, 6, 3
578, 1496, 9, 14
579, 1861, 51, 15
580, 136, 87, 13
581, 261, 75, 13
582, 1795, 89, 3
583, 1764, 59, 4
584, 130, 5, 6
585, 924, 3, 2
586, 1693, 15, 12
587, 4, 51, 3
588, 1169, 8, 10
589, 1577, 25, 5
590, 1776, 22, 2
591, 1200, 86, 2
592, 1751, 92, 5
593, 76, 7, 14
594, 1368, 25, 11
595, 196, 90, 12
596, 1484, 78, 10
597, 92, 66, 13
598, 1394, 72, 3
599, 1956, 15, 1
600, 730, 88, 10
601, 1674, 99, 11
602, 746, 44, 15
603, 1216, 23, 11
604, 1600, 48, 4
605, 29, 1, 4
606, 145, 27, 1
607, 1365, 19, 13
608, 496, 48, 15
609, 1197, 2, 15
610, 1471, 77, 6
611, 1893, 67, 1
612, 881, 23, 9
613, 1081, 20, 11
614, 85, 50, 6
615, 1948, 6, 15
616, 636, 10, 10
617, 1240, 76, 2
618, 344, 45, 5
619, 454, 10, 11
620, 1183, 2, 9
621, 139, 45, 6
622, 811, 73, 12
623, 104, 84, 1
624, 129, 17, 6
625, 706, 37, 11
626, 9, 31, 6
627, 1876, 78, 1
628, 597, 100, 4
629, 1361, 55, 10
630, 1253, 27, 5
631, 193, 49, 2
632, 1548, 74, 1
633, 1921, 100, 11
634, 787, 12, 15
635, 1693, 38, 10
636, 1945, 5, 13
637, 623, 39, 13
638, 1022, 12, 2
639, 1546, 41, 7
640, 778, 50, 14
641, 1495, 66, 10
642, 1044, 87, 13
643, 592, 61, 6
644, 157, 61, 4
645, 1961, 4, 13
646, 1676, 90, 8
647, 83, 50, 6
648, 1860, 46, 4
649, 662, 59, 3
650, 844, 13, 3
651, 1681, 81, 9
652, 1507, 14, 1
653, 970, 17, 7
654, 226, 54, 8
655, 74, 9, 15
656, 191, 80, 12
657, 1031, 74, 13
658, 1381, 92, 3
659, 1933, 75, 15
660, 50, 3, 6
661, 1436, 64, 10
662, 1994, 26, 2
663, 518, 83, 1
664, 99, 20, 4
665, 1625, 27, 9
666, 1399, 65, 3
667, 542, 99, 1
668, 602, 26, 1
669, 1711, 93, 5
670, 790, 44, 3
671, 195, 50, 3
672, 1784, 100, 8
673, 1785, 60, 9
674, 1829, 25, 6
675, 835, 68, 2
676, 175, 31, 14
677, 1487, 76, 12
678, 1315, 18, 7
679, 1990, 3, 6
680, 1423, 8, 11
681, 1867, 1, 10
682, 1638, 30, 15
683, 393, 64, 11
684, 1153, 90, 7
685, 291, 38, 7
686, 579, 85, 15
687, 352, 14, 4
688, 1364, 21, 4
689, 235, 4, 13
690, 1593, 74, 8
691, 757, 90, 10
692, 1037, 22, 12
693, 866, 14, 12
694, 1497, 10, 1
695, 917, 75, 11
696, 647, 45, 4
697, 1131, 63, 5
698, 366, 75, 8
699, 429, 28, 12
700, 512, 84, 1
701, 165, 64, 15
702, 1859, 82, 5
703, 163, 31, 4
704, 334, 74, 11
705, 1883, 62, 9
706, 1484, 85, 3
707, 1495, 38, 13
708, 1956, 34, 13
709, 1048, 96, 14
710, 1438, 29, 4
711, 1268, 85, 14
712, 389, 75, 13
713, 1544, 71, 15
714, 93, 40, 13
715, 125, 81, 11
716, 779, 39, 4
717, 461, 79, 8
718, 735, 53, 13
719, 1541, 66, 9
720, 1660, 78, 9
721, 1923, 70, 13
722, 1809, 65, 9
723, 870, 28, 11
724, 306, 69, 14
725, 1352, 93, 11
726, 1233, 29, 9
727, 519, 51, 6
728, 735, 84, 2
729, 1495, 8, 9
730, 1882, 29, 12
731, 739, 1, 11
732, 182, 97, 6
733, 1843, 77, 2
734, 1381, 73, 15
735, 161, 12, 15
736, 89, 25, 15
737, 1546, 47, 4
738, 942, 72, 6
739, 548, 46, 3
740, 18, 4, 1
741, 909, 83, 4
742, 387, 99, 4
743, 630, 12, 1
744, 728, 78, 10
745, 749, 13, 11
746, 1035, 17, 4
747, 1870, 10, 9
748, 76, 71, 13
749, 761, 10, 2
750, 1678, 55, 14
751, 77, 19, 10
752, 1775, 4, 4
753, 87, 82, 1
754, 1834, 30, 4
755, 1371, 98, 11
756, 66, 25, 14
757, 1410, 13, 7
758, 1469, 39, 8
759, 1355, 82, 8
760, 1829, 93, 5
761, 1302, 69, 1
762, 1005, 99, 4
763, 476, 48, 6
764, 900, 89, 15
765, 1674, 40, 4
766, 422, 13, 15
767, 238, 13, 10
768, 1195, 41, 2
769, 1250, 17, 12
770, 1229, 73, 10
771, 1858, 20, 4
772, 652, 78, 5
773, 1462, 52, 4
774, 332, 13, 14
775, 505, 6, 1
776, 56, 19, 13
777, 952, 65, 15
778, 1046, 38, 13
779, 771, 15, 4
780, 1821, 39, 9
781, 965, 97, 14
782, 672, 45, 2
783, 392, 13, 11
784, 617, 53, 1
785, 348, 12, 15
786, 1116, 35, 7
787, 499, 40, 8
788, 1656, 30, 4
789, 1343, 67, 15
790, 694, 49, 11
791, 1908, 48, 7
792, 1603, 90, 6
793, 1921, 19, 10
794, 1728, 73, 2
795, 598, 4, 7
796, 693, 48, 15
797, 1989, 87, 2
798, 301, 48, 15
799, 134, 38, 14
800, 1555, 27, 14
801, 95, 20, 6
802, 846, 37, 15
803, 1107, 86, 5
804, 313, 50, 4
805, 1567, 15, 4
806, 747, 7, 9
807, 1594, 89, 7
808, 135, 31, 1
809, 1947, 4, 3
810, 497, 51, 4
811, 380, 37, 10
812, 1708, 97, 3
813, 968, 36, 7
814, 573, 17, 10
815, 240, 82, 2
816, 112, 48, 7
817, 1862, 40, 11
818, 957, 77, 1
819, 479, 35, 8
820, 1698, 22, 2
821, 745, 34, 5
822, 1617, 8, 7
823, 1666, 48, 15
824, 496, 27, 14
825, 65, 90, 3
826, 546, 94, 14
827, 820, 36, 6
828, 1552, 44, 9
829, 574, 88, 11
830, 132, 2, 9
831, 1814, 19, 7
832, 377, 10, 15
833, 90, 67, 12
834, 1965, 58, 3
835, 337, 41, 7
836, 1883, 100, 8
837, 341, 88, 15
838, 1990, 63, 2
839, 720, 92, 5
840, 1890, 24, 13
841, 1577, 84, 2
842, 1344, 12, 7
843, 638, 87, 11
844, 1717, 47, 13
845, 216, 82, 1
846, 1237, 29, 15
847, 49, 95, 11
848, 67, 50, 4
849, 1449, 73, 3
850, 1787, 21, 4
851, 1118, 98, 15
852, 1410, 25, 12
853, 1197, 43, 5
854, 1706, 41, 4
855, 1785, 98, 4
856, 1990, 37, 4
857, 505, 23, 9
858, 939, 29, 8
859, 19, 62, 12
860, 399, 13, 10
861, 1745, 97, 14
862, 722, 74, 5
863, 1677, 65, 3
864, 506, 15, 9
865, 201, 79, 2
866, 937, 97, 9
867, 1010, 69, 5
868, 298, 54, 2
869, 1962, 30, 11
870, 825, 40, 1
871, 365, 14, 9
872, 1062, 84, 4
873, 1794, 57, 11
874, 1150, 58, 15
875, 1377, 10, 11
876, 1445, 15, 13
877, 1718, 62, 6
878, 678, 81, 15
879, 397, 55, 9
880, 1440, 43, 7
881, 807, 79, 8
882, 435, 33, 3
883, 790, 56, 7
884, 1910, 62, 4
885, 554, 47, 15
886, 582, 71, 13
887, 405, 1, 10
888, 1881, 43, 9
889, 1753, 71, 5
890, 1393, 56, 15
891, 1546, 99, 10
892, 1819, 16, 5
893, 85, 40, 11
894, 755, 74, 5
895, 343, 32, 4
896, 1911, 2, 10
897, 6, 81, 14
898, 299, 30, 14
899, 1590, 4, 2
900, 682, 28, 6
901, 545, 55, 2
902, 201, 20, 15
903, 210, 8, 10
904, 1553, 73, 2
905, 1092, 77, 1
906, 1749, 51, 7
907, 1220, 100, 12
908, 1422, 33, 2
909, 1305, 16, 3
910, 1389, 61, 7
911, 1219, 56, 4
912, 795, 91, 9
913, 966, 66, 3
914, 207, 7, 13
915, 1985, 14, 3
916, 201, 70, 13
917, 1350, 97, 12
918, 1748, 43, 7
919, 933, 88, 7
920, 1746, 58, 7
921, 882, 12, 2
922, 210, 17, 4
923, 1651, 26, 4
924, 1967, 10, 14
925, 1265, 97, 10
926, 784, 41, 12
927, 1802, 76, 10
928, 1014, 59, 11
929, 830, 41, 5
930, 932, 66, 1
931, 1722, 17, 6
932, 1997, 84, 5
933, 1482, 15, 6
934, 870, 26, 2
935, 77, 7, 10
936, 297, 22, 2
937, 1682, 85, 13
938, 1845, 67, 4
939, 753, 54, 10
940, 1537, 18, 15
941, 1152, 51, 6
942, 1112, 31, 5
943, 1362, 70, 5
944, 1800, 53, 13
945, 1332, 59, 14
946, 481, 14, 1
947, 596, 13, 12
948, 1366, 8, 11
949, 1982, 28, 13
950, 1889, 15, 13
951, 1805, 26, 14
952, 873, 35, 3
953, 424, 71, 8
954, 1458, 1, 14
955, 1677, 11, 13
956, 1127, 2, 1
957, 1794, 8, 13
958, 1195, 30, 11
959, 1556, 50, 13
960, 750, 45, 13
961, 1743, 31, 14
962, 266, 40, 1
963, 1975, 74, 5
964, 269, 31, 12
965, 842, 3, 14
966, 61, 60, 2
967, 515, 68, 7
968, 1157, 45, 15
969, 560, 9, 12
970, 597, 32, 9
971, 1972, 68, 14
972, 1578, 50, 2
973, 1719, 51, 15
974, 1290, 76, 12
975, 500, 26, 2
976, 692, 38, 8
977, 78, 30, 14
978, 633, 61, 7
979, 1465, 52, 1
980, 1431, 75, 5
981, 1478, 89, 3
982, 863, 53, 2
983, 374, 69, 11
984, 196, 11, 9
985, 742, 42, 14
986, 987, 77, 13
987, 54, 86, 8
988, 1331, 1, 10
989, 1807, 67, 14
990, 656, 37, 13
991, 1166, 58, 1
992, 1102, 26, 4
993, 256, 39, 7
994, 810, 14, 14
995, 394, 36, 12
996, 698, 49, 15
997, 1131, 57, 6
998, 1252, 12, 10
999, 1154, 46, 13
1000, 1007, 64, 15
1001, 1548, 68, 12
1002, 957, 90, 10
1003, 1585, 24, 6
1004, 288, 31, 12
1005, 893, 69, 1
1006, 241, 35, 14
1007, 1883, 32, 15
1008, 991, 92, 6
1009, 122, 33, 8
1010, 1862, 40, 10
1011, 1878, 27, 2
1012, 642, 43, 7
1013, 75, 97, 15
1014, 1566, 48, 15
1015, 732, 9, 4
1016, 1995, 79, 11
1017, 1133, 15, 7
1018, 723, 91, 4
1019, 629, 38, 8
1020, 487, 81, 8
1021, 795, 9, 3
1022, 1511, 90, 7
1023, 1256, 66, 5
1024, 1179, 76, 11
1025, 1006, 50, 9
1026, 461, 52, 14
1027, 372, 100, 4
1028, 580, 59, 10
1029, 1611, 73, 14
1030, 1180, 68, 15
1031, 273, 89, 8
1032, 1994, 36, 5
1033, 1760, 96, 2
1034, 830, 77, 6
1035, 1892, 97, 4
1036, 1299, 10, 8
1037, 1191, 56, 3
1038, 1500, 50, 11
1039, 1335, 37, 2
1040, 1868, 12, 10
1041, 1967, 29, 8
1042, 1826, 35, 9
1043, 1018, 26, 7
1044, 964, 69, 4
1045, 91, 3, 7
1046, 1406, 91, 15
1047, 1009, 54, 4
1048, 1409, 73, 9
1049, 1791, 31, 5
1050, 1344, 74, 8
1051, 1317, 73, 2
1052, 1527, 89, 6
1053, 1219, 100, 6
1054, 1353, 79, 13
1055, 1459, 52, 1
1056, 116, 15, 6
1057, 1169, 41, 1
1058, 730, 62, 14
1059, 152, 49, 11
1060, 785, 29, 4
1061, 1925, 37, 12
1062, 990, 49, 15
1063, 931, 83, 3
1064, 1144, 90, 1
1065, 447, 37, 12
1066, 1999, 54, 3
1067, 1892, 8, 10
1068, 1186, 10, 7
1069, 1996, 55, 4
1070, 1320, 100, 14
1071, 211, 27, 5
1072, 846, 44, 15
1073, 1375, 50, 2
1074, 1880, 38, 7
1075, 1873, 33, 1
1076, 1525, 37, 15
1077, 1218, 31, 1
1078, 1598, 42, 6
1079, 1633, 93, 1
1080, 1520, 88, 2
1081, 89, 83, 1
1082, 1622, 28, 9
1083, 1166, 6, 10
1084, 645, 7, 9
1085, 1985, 59, 6
1086, 1192, 22, 5
1087, 462, 43, 10
1088, 1992, 37, 2
1089, 1910, 95, 12
1090, 1239, 16, 5
1091, 982, 18, 5
1092, 1207, 22, 8
1093, 1698, 7, 10
1094, 447, 16, 2
1095, 1636, 97, 7
1096, 599, 10, 6
1097, 1751, 13, 8
1098, 1197, 17, 15
1099, 1319, 100, 1
1100, 1692, 5, 6
1101, 1508, 95, 5
1102, 1779, 80, 4
1103, 13, 68, 5
1104, 325, 60, 2
1105, 681, 89, 13
1106, 1364, 14, 9
1107, 1198, 14, 5
1108, 1429, 60, 2
1109, 1535, 32, 9
1110, 1486, 2, 4
1111, 1282, 22, 5
1112, 204, 48, 1
1113, 1294, 62, 15
1114, 1684, 90, 7
1115, 1053, 50, 8
1116, 1206, 18, 14
1117, 1979, 99, 9
1118, 1909, 67, 15
1119, 1943, 19, 11
1120, 848, 85, 15
1121, 580, 65, 14
1122, 860, 89, 14
1123, 352, 12, 6
1124, 977, 8, 1
1125, 1510, 53, 5
1126, 392, 28, 10
1127, 1694, 17, 2
1128, 1998, 94, 9
1129, 1565, 54, 5
1130, 899, 85, 12
1131, 560, 42, 7
1132, 1239, 49, 1
1133, 600, 65, 10
1134, 222, 97, 15
1135, 1568, 22, 2
1136, 558, 98, 12
1137, 100, 13, 14
1138, 654, 96, 8
1139, 1181, 91, 13
1140, 1178, 69, 9
1141, 488, 38, 2
1142, 1450, 66, 2
1143, 953, 30, 11
1144, 998, 12, 13
1145, 913, 68, 11
1146, 1962, 62, 3
1147, 1004, 69, 13
1148, 1631, 10, 7
1149, 1147, 71, 1
1150, 1531, 44, 10
1151, 1752, 62, 9
1152, 290, 2, 15
1153, 1330, 68, 15
1154, 169, 53, 9
1155, 1032, 58, 10
1156, 842, 85, 15
1157, 243, 43, 6
1158, 1698, 88, 1
1159, 794, 65, 8
1160, 957, 34, 9
1161, 441, 49, 2
1162, 1236, 12, 12
1163, 343, 76, 8
1164, 1543, 69, 7
1165, 107, 1, 3
1166, 1842, 20, 9
1167, 424, 75, 1
1168, 563, 32, 13
1169, 734, 61, 14
1170, 930, 4, 13
1171, 349, 9, 6
1172, 1113, 70, 3
1173, 661, 26, 6
1174, 664, 86, 13
1175, 1176, 41, 15
1176, 490, 95, 8
1177, 1036, 84, 13
1178, 981, 53, 4
1179, 378, 59, 5
1180, 974, 37, 10
1181, 481, 67, 13
1182, 1046, 94, 1
1183, 1015, 5, 6
1184, 1144, 16, 4
1185, 1745, 7, 5
1186, 1565, 52, 15
1187, 945, 13, 8
1188, 560, 41, 15
1189, 447, 22, 12
1190, 1226, 80, 12
1191, 1912, 10, 7
1192, 637, 82, 13
1193, 1184, 67, 3
1194, 232, 69, 15
1195, 785, 95, 10
1196, 744, 77, 11
1197, 1089, 45, 12
1198, 1280, 90, 12
1199, 742, 71, 4
1200, 1971, 72, 7
1201, 566, 95, 11
1202, 1627, 87, 2
1203, 925, 50, 14
1204, 1987, 17, 9
1205, 187, 47, 8
1206, 659, 63, 1
1207, 1308, 98, 15
1208, 1604, 88, 4
1209, 1163, 99, 7
1210, 1109, 7, 6
1211, 791, 85, 3
1212, 1537, 34, 11
1213, 1401, 73, 10
1214, 617, 43, 11
1215, 573, 89, 13
1216, 1565, 34, 7
1217, 50, 29, 5
1218, 1027, 22, 5
1219, 1720, 45, 6
1220, 562, 6, 1
1221, 1559, 30, 4
1222, 769, 60, 10
1223, 1435, 32, 5
1224, 1855, 21, 3
1225, 1888, 30, 6
1226, 1339, 33, 10
1227, 779, 26, 4
1228, 275, 69, 11
1229, 337, 95, 7
1230, 1857, 46, 13
1231, 1180, 20, 15
1232, 1133, 9, 6
1233, 1010, 30, 12
1234, 1953, 62, 8
1235, 1561, 38, 4
1236, 48, 51, 8
1237, 492, 81, 2
1238, 1361, 9, 6
1239, 910, 72, 5
1240, 1084, 89, 12
1241, 1293, 66, 12
1242, 1266, 70, 3
1243, 1366, 24, 1
1244, 1277, 33, 4
1245, 538, 63, 10
1246, 1827, 83, 14
1247, 780, 6, 7
1248, 58, 66, 3
1249, 1866, 69, 4
1250, 1735, 24, 3
1251, 1762, 94, 8
1252, 101, 74, 9
1253, 1966, 65, 15
1254, 8, 82, 2
1255, 1059, 18, 15
1256, 1926, 31, 15
1257, 1084, 98, 11
1258, 935, 26, 14
1259, 551, 16, 9
1260, 959, 81, 15
1261, 1754, 62, 8
1262, 1387, 2, 14
1263, 1586, 80, 12
1264, 963, 67, 11
1265, 276, 79, 10
1266, 78, 43, 7
1267, 509, 12, 7
1268, 586, 34, 11
1269, 619, 1, 12
1270, 1017, 23, 1
1271, 1346, 21, 12
1272, 321, 91, 15
1273, 464, 57, 14
1274, 691, 57, 2
1275, 150, 97, 12
1276, 1197, 68, 14
1277, 554, 40, 10
1278, 58, 26, 12
1279, 1849, 90, 1
1280, 930, 55, 5
1281, 961, 96, 4
1282, 1021, 53, 1
1283, 1713, 22, 6
1284, 868, 53, 2
1285, 35, 29, 1
1286, 1362, 75, 2
1287, 925, 79, 1
1288, 397, 21, 12
1289, 1934, 51, 10
1290, 399, 28, 6
1291, 1973, 53, 1
1292, 807, 95, 3
1293, 1095, 78, 14
1294, 657, 38, 7
1295, 570, 40, 2
1296, 652, 15, 3
1297, 618, 76, 14
1298, 1657, 9, 2
1299, 909, 49, 10
1300, 125, 10, 4
1301, 449, 32, 10
1302, 1994, 38, 3
1303, 1608, 25, 9
1304, 791, 7, 5
1305, 1979, 52, 13
1306, 1024, 98, 12
1307, 864, 88, 6
1308, 1223, 70, 11
1309, 620, 19, 1
1310, 775, 63, 12
1311, 897, 31, 5
1312, 81, 45, 14
1313, 1153, 75, 15
1314, 607, 59, 10
1315, 1097, 54, 14
1316, 1175, 93, 4
1317, 1334, 61, 13
1318, 246, 2, 10
1319, 1683, 78, 7
1320, 1984, 28, 13
1321, 168, 46, 7
1322, 577, 81, 14
1323, 1702, 2, 6
1324, 1355, 73, 5
1325, 42, 46, 3
1326, 35, 55, 2
1327, 572, 92, 6
1328, 1402, 50, 5
1329, 1827, 54, 7
1330, 1123, 11, 13
1331, 573, 2, 5
1332, 974, 25, 8
1333, 724, 69, 4
1334, 546, 35, 1
1335, 848, 20, 5
1336, 1232, 25, 10
1337, 108, 20, 6
1338, 1621, 32, 3
1339, 1836, 84, 1
1340, 1439, 96, 6
1341, 1565, 79, 15
1342, 784, 71, 6
1343, 1706, 1, 14
1344, 470, 73, 8
1345, 219, 48, 5
1346, 997, 93, 10
1347, 282, 23, 6
1348, 150, 41, 10
1349, 1049, 94, 9
1350, 471, 17, 2
1351, 1641, 87, 12
1352, 554, 57, 2
1353, 292, 39, 3
1354, 890, 79, 7
1355, 1207, 14, 9
1356, 959, 20, 14
1357, 1725, 18, 4
1358, 764, 47, 10
1359, 32, 17, 15
1360, 654, 80, 3
1361, 139, 44, 1
1362, 238, 38, 7
1363, 1390, 8, 12
1364, 178, 13, 5
1365, 1241, 8, 6
1366, 654, 58, 10
1367, 1866, 57, 8
1368, 451, 21, 6
1369, 1483, 51, 9
1370, 593, 97, 13
1371, 1337, 17, 4
1372, 1092, 86, 10
1373, 1394, 6, 10
1374, 538, 56, 1
1375, 94, 78, 4
1376, 1890, 9, 1
1377, 791, 99, 5
1378, 1868, 41, 9
1379, 770, 37, 3
1380, 1430, 19, 7
1381, 1267, 97, 2
1382, 1118, 66, 9
1383, 1135, 55, 5
1384, 606, 28, 7
1385, 935, 100, 3
1386, 1274, 36, 11
1387, 1818, 72, 9
1388, 186, 42, 3
1389, 1546, 43, 7
1390, 1838, 49, 8
1391, 152, 6, 13
1392, 319, 66, 12
1393, 1409, 60, 15
1394, 221, 71, 8
1395, 751, 30, 2
1396, 732, 77, 11
1397, 188, 84, 15
1398, 1991, 4, 7
1399, 1318, 50, 9
1400, 382, 26, 15
1401, 1309, 76, 4
1402, 1829, 65, 13
1403, 658, 58, 2
1404, 1736, 86, 2
1405, 1996, 29, 2
1406, 1105, 15, 4
1407, 1557, 26, 14
1408, 454, 76, 2
1409, 416, 60, 1
1410, 1806, 22, 11
1411, 696, 84, 4
1412, 195, 94, 3
1413, 421, 21, 6
1414, 977, 75, 1
1415, 450, 69, 9
1416, 1926, 83, 6
1417, 565, 57, 6
1418, 786, 58, 8
1419, 913, 46, 2
1420, 917, 71, 8
1421, 1113, 20, 4
1422, 143, 7, 12
1423, 1656, 11, 7
1424, 1413, 5, 11
1425, 1226, 61, 13
1426, 1533, 91, 15
1427, 708, 95, 13
1428, 923, 45, 4
1429, 1805, 60, 3
1430, 1867, 26, 8
1431, 1830, 100, 3
1432, 1702, 67, 13
1433, 626, 13, 8
1434, 1191, 78, 6
1435, 695, 1, 8
1436, 1187, 38, 1
1437, 707, 9, 15
1438, 1556, 5, 4
1439, 1047, 73, 11
1440, 871, 3, 5
1441, 399, 6, 14
1442, 1284, 63, 12
1443, 1525, 25, 14
1444, 1133, 76, 1
1445, 105, 97, 1
1446, 362, 84, 7
1447, 657, 39, 9
1448, 1098, 85, 1
1449, 1435, 23, 9
1450, 1898, 80, 8
1451, 1803, 34, 7
1452, 175, 48, 15
1453, 673, 62, 12
1454, 1578, 52, 14
1455, 1259, 60, 11
1456, 840, 61, 2
1457, 1138, 1, 12
1458, 1182, 22, 8
1459, 825, 74, 12
1460, 1195, 32, 4
1461, 1480, 41, 8
1462, 265, 74, 12
1463, 1218, 77, 10
1464, 87, 94, 15
1465, 1752, 100, 14
1466, 1592, 9, 13
1467, 847, 65, 2
1468, 1487, 4, 11
1469, 1406, 14, 3
1470, 1562, 91, 15
1471, 1457, 83, 12
1472, 1358, 42, 7
1473, 1545, 48, 7
1474, 1855, 99, 7
1475, 1972, 4, 7
1476, 1406, 47, 14
1477, 57, 80, 11
1478, 1457, 72, 6
1479, 1717, 51, 2
1480, 1459, 92, 10
1481, 450, 35, 3
1482, 1750, 8, 2
1483, 1387, 41, 4
1484, 1985, 27, 15
1485, 1349, 82, 13
1486, 848, 31, 7
1487, 1776, 61, 1
1488, 933, 96, 4
1489, 1912, 90, 2
1490, 689, 59, 9
1491, 182, 100, 12
1492, 928, 62, 8
1493, 1383, 2, 7
1494, 1556, 84, 15
1495, 1488, 24, 1
1496, 976, 21, 14
1497, 1711, 64, 11
1498, 545, 82, 6
1499, 1080, 44, 5
1500, 1171, 61, 15
1501, 337, 17, 5
1502, 184, 33, 7
1503, 311, 80, 12
1504, 1347, 69, 1
1505, 1138, 77, 8
1506, 680, 85, 9
1507, 1193, 8, 4
1508, 1645, 82, 15
1509, 137, 23, 14
1510, 501, 8, 9
1511, 1284, 78, 7
1512, 1729, 34, 4
1513, 1411, 26, 1
1514, 932, 54, 12
1515, 1050, 41, 15
1516, 1384, 61, 12
1517, 899, 89, 11
1518, 1986, 76, 9
1519, 1044, 34, 9
1520, 891, 92, 9
1521, 233, 80, 15
1522, 1069, 45, 3
1523, 173, 76, 15
1524, 1845, 30, 9
1525, 1019, 19, 3
1526, 401, 94, 1
1527, 622, 4, 2
1528, 1700, 84, 14
1529, 1258, 56, 9
1530, 1730, 55, 14
1531, 1213, 2, 10
1532, 1006, 95, 2
1533, 49, 37, 8
1534, 1942, 16, 12
1535, 1063, 38, 2
1536, 559, 36, 10
1537, 1626, 29, 3
1538, 1616, 44, 10
1539, 276, 91, 10
1540, 699, 66, 13
1541, 1254, 54, 14
1542, 46, 90, 10
1543, 1266, 16, 8
1544, 1233, 14, 3
1545, 1066, 40, 15
1546, 322, 85, 8
1547, 153, 86, 13
1548, 1400, 4, 7
1549, 1647, 8, 4
1550, 422, 59, 7
1551, 1011, 43, 2
1552, 822, 77, 6
1553, 1571, 29, 5
1554, 291, 8, 2
1555, 1327, 43, 3
1556, 341, 26, 8
1557, 1885, 44, 3
1558, 1195, 21, 11
1559, 1094, 84, 13
1560, 40, 5, 12
1561, 198, 55, 1
1562, 767, 86, 11
1563, 1497, 1, 2
1564, 1434, 99, 9
1565, 315, 96, 6
1566, 1395, 80, 4
1567, 1526, 96, 9
1568, 736, 11, 10
1569, 730, 84, 9
1570, 169, 24, 13
1571, 1070, 16, 1
1572, 469, 40, 1
1573, 2, 54, 13
1574, 708, 50, 9
1575, 388, 62, 14
1576, 1949, 95, 11
1577, 1059, 74, 10
1578, 1255, 80, 3
1579, 1024, 81, 5
1580, 1381, 44, 7
1581, 83, 5, 15
1582, 1382, 78, 10
1583, 958, 28, 10
1584, 406, 89, 1
1585, 188, 95, 8
1586, 1058, 31, 3
1587, 80, 6, 14
1588, 1506, 96, 5
1589, 1578, 74, 11
1590, 1051, 9, 8
1591, 766, 31, 9
1592, 1142, 23, 10
1593, 101, 18, 12
1594, 1626, 11, 11
1595, 480, 70, 14
1596, 1104, 31, 5
1597, 701, 14, 13
1598, 186, 32, 10
1599, 1249, 48, 9
1600, 1081, 91, 6
1601, 1956, 52, 8
1602, 903, 32, 3
1603, 1594, 79, 8
1604, 17, 44, 7
1605, 1565, 55, 14
1606, 802, 78, 6
1607, 1622, 10, 5
1608, 209, 39, 10
1609, 1603, 5, 13
1610, 981, 62, 4
1611, 1, 34, 9
1612, 685, 19, 15
1613, 938, 5, 14
1614, 1911, 25, 15
1615, 97, 67, 4
1616, 1194, 33, 13
1617, 962, 37, 9
1618, 21, 82, 12
1619, 1856, 27, 10
1620, 1707, 86, 7
1621, 292, 50, 9
1622, 1394, 15, 10
1623, 1563, 83, 15
1624, 907, 86, 9
1625, 1963, 26, 12
1626, 429, 3, 3
1627, 720, 96, 15
1628, 1396, 77, 6
1629, 852, 23, 9
1630, 1283, 90, 12
1631, 514, 94, 2
1632, 187, 78, 1
1633, 351, 78, 7
1634, 727, 18, 9
1635, 1148, 63, 8
1636, 902, 28, 9
1637, 1809, 88, 10
1638, 897, 73, 1
1639, 314, 27, 14
1640, 578, 3, 8
1641, 612, 55, 8
1642, 919, 75, 1
1643, 1186, 11, 8
1644, 1030, 89, 1
1645, 1317, 14, 10
1646, 878, 70, 1
1647, 1471, 62, 15
1648, 1173, 54, 13
1649, 1137, 87, 3
1650, 1646, 47, 7
1651, 808, 6, 10
1652, 976, 16, 3
1653, 756, 32, 13
1654, 973, 19, 1
1655, 1429, 99, 12
1656, 350, 93, 14
1657, 61, 52, 3
1658, 462, 25, 3
1659, 513, 64, 10
1660, 1942, 67, 8
1661, 667, 87, 11
1662, 36, 59, 10
1663, 1642, 95, 11
1664, 1802, 10, 14
1665, 1379, 12, 7
1666, 1389, 91, 2
1667, 294, 14, 5
1668, 1742, 63, 7
1669, 1730, 56, 8
1670, 1149, 57, 15
1671, 1896, 10, 8
1672, 1077, 59, 15
1673, 293, 45, 14
1674, 170, 22, 1
1675, 642, 83, 9
1676, 463, 65, 8
1677, 905, 80, 3
1678, 328, 47, 5
1679, 1706, 34, 5
1680, 654, 70, 2
1681, 522, 85, 8
1682, 333, 21, 7
1683, 1706, 42, 9
1684, 929, 16, 14
1685, 1679, 14, 8
1686, 1576, 76, 9
1687, 476, 47, 8
1688, 181, 33, 8
1689, 1976, 84, 5
1690, 74, 78, 6
1691, 1733, 23, 14
1692, 775, 73, 8
1693, 470, 26, 13
1694, 206, 54, 1
1695, 1370, 83, 8
1696, 816, 90, 14
1697, 790, 1, 14
1698, 1460, 70, 9
1699, 166, 44, 15
1700, 1358, 13, 3
1701, 1924, 21, 13
1702, 1608, 2, 8
1703, 776, 69, 12
1704, 1071, 54, 3
1705, 888, 80, 2
1706, 908, 1, 8
1707, 1748, 76, 11
1708, 817, 91, 7
1709, 171, 61, 14
1710, 1647, 46, 4
1711, 1557, 36, 11
1712, 707, 55, 9
1713, 164, 8, 12
1714, 216, 35, 14
1715, 676, 53, 6
1716, 355, 11, 4
1717, 196, 74, 7
1718, 1371, 80, 4
1719, 585, 26, 14
1720, 560, 56, 12
1721, 1869, 90, 6
1722, 359, 2, 13
1723, 426, 86, 7
1724, 233, 37, 9
1725, 15, 10, 11
1726, 1337, 68, 7
1727, 337, 80, 6
1728, 563, 95, 9
1729, 1845, 28, 9
1730, 94, 76, 11
1731, 587, 86, 3
1732, 546, 16, 4
1733, 1906, 52, 9
1734, 1457, 45, 2
1735, 1632, 90, 12
1736, 665, 43, 12
1737, 1454, 47, 15
1738, 601, 81, 11
1739, 771, 20, 5
1740, 158, 10, 8
1741, 1108, 99, 15
1742, 1240, 73, 11
1743, 1317, 75, 2
1744, 30, 49, 4
1745, 1890, 4, 8
1746, 912, 31, 1
1747, 1175, 41, 3
1748, 1712, 7, 12
1749, 1299, 63, 10
1750, 512, 1, 7
1751, 514, 88, 12
1752, 1257, 69, 12
1753, 159, 32, 15
1754, 1119, 44, 9
1755, 1009, 69, 1
1756, 1088, 12, 13
1757, 1609, 74, 15
1758, 1546, 35, 6
1759, 35, 91, 1
1760, 1804, 57, 1
1761, 391, 86, 14
1762, 908, 47, 3
1763, 1490, 26, 1
1764, 1950, 4, 15
1765, 249, 82, 7
1766, 1307, 98, 15
1767, 226, 31, 12
1768, 944, 64, 6
1769, 1663, 35, 5
1770, 1799, 74, 14
1771, 1970, 48, 6
1772, 428, 12, 15
1773, 1842, 23, 1
1774, 548, 29, 9
1775, 1871, 56, 3
1776, 1100, 29, 5
1777, 1064, 24, 7
1778, 4, 42, 14
1779, 168, 35, 5
1780, 589, 8, 13
1781, 1472, 79, 5
1782, 462, 99, 12
1783, 1961, 7, 5
1784, 1267, 64, 6
1785, 1112, 32, 1
1786, 1931, 85, 2
1787, 1843, 33, 9
1788, 1486, 63, 4
1789, 750, 70, 12
1790, 1963, 71, 3
1791, 778, 3, 4
1792, 56, 56, 9
1793, 1265, 47, 4
1794, 1609, 72, 14
1795, 657, 93, 5
1796, 1767, 51, 2
1797, 1770, 35, 10
1798, 1300, 92, 5
1799, 911, 68, 15
1800, 444, 70, 15
1801, 233, 7, 8
1802, 417, 3, 12
1803, 137, 41, 6
1804, 20, 67, 10
1805, 477, 17, 4
1806, 1211, 76, 7
1807, 1078, 100, 5
1808, 1359, 37, 13
1809, 1413, 93, 5
1810, 1985, 80, 1
1811, 524, 1, 12
1812, 1273, 87, 10
1813, 865, 38, 2
1814, 449, 25, 3
1815, 1731, 68, 13
1816, 984, 13, 11
1817, 184, 91, 7
1818, 1398, 94, 9
1819, 461, 28, 3
1820, 1951, 78, 8
1821, 302, 33, 9
1822, 44, 62, 12
1823, 1074, 69, 3
1824, 1268, 21, 14
1825, 1221, 37, 14
1826, 1740, 88, 2
1827, 816, 23, 10
1828, 297, 66, 12
1829, 1055, 27, 5
1830, 1788, 66, 6
1831, 159, 47, 4
1832, 1011, 24, 3
1833, 1642, 43, 7
1834, 1074, 84, 2
1835, 35, 97, 11
1836, 1367, 72, 12
1837, 1378, 7, 9
1838, 1432, 30, 9
1839, 1111, 21, 7
1840, 958, 36, 7
1841, 952, 7, 12
1842, 605, 31, 9
1843, 538, 40, 1
1844, 1845, 90, 7
1845, 1448, 100, 12
1846, 1583, 86, 9
1847, 1925, 99, 6
1848, 17, 77, 5
1849, 687, 53, 1
1850, 443, 58, 7
1851, 365, 47, 12
1852, 1739, 21, 3
1853, 1422, 90, 5
1854, 566, 75, 8
1855, 140, 71, 12
1856, 501, 6, 6
1857, 1346, 47, 6
1858, 1707, 69, 9
1859, 32, 62, 10
1860, 1093, 75, 3
1861, 1972, 24, 9
1862, 563, 2, 4
1863, 1481, 30, 13
1864, 161, 63, 11
1865, 823, 29, 2
1866, 367, 23, 10
1867, 68, 62, 14
1868, 1623, 57, 4
1869, 1889, 89, 11
1870, 300, 52, 12
1871, 464, 63, 14
1872, 1942, 87, 10
1873, 607, 82, 13
1874, 584, 82, 8
1875, 392, 50, 14
1876, 352, 68, 6
1877, 1383, 6, 13
1878, 1691, 86, 7
1879, 145, 79, 7
1880, 36, 86, 5
1881, 1035, 10, 7
1882, 126, 96, 13
1883, 1631, 78, 9
1884, 869, 98, 12
1885, 1893, 45, 9
1886, 588, 93, 12
1887, 613, 91, 10
1888, 59, 3, 7
1889, 761, 48, 4
1890, 1932, 56, 2
1891, 1764, 70, 10
1892, 931, 17, 10
1893, 1704, 79, 3
1894, 1075, 93, 1
1895, 1684, 24, 13
1896, 692, 26, 12
1897, 309, 26, 1
1898, 764, 84, 10
1899, 497, 79, 10
1900, 1236, 75, 4
1901, 1431, 41, 3
1902, 1369, 97, 7
1903, 828, 17, 9
1904, 593, 82, 3
1905, 554, 30, 2
1906, 486, 82, 6
1907, 933, 28, 3
1908, 841, 19, 11
1909, 697, 93, 7
1910, 849, 91, 15
1911, 1967, 2, 3
1912, 1838, 39, 3
1913, 1604, 90, 8
1914, 1872, 30, 2
1915, 1479, 99, 8
1916, 1397, 77, 3
1917, 1491, 85, 4
1918, 1771, 38, 4
1919, 1794, 1, 9
1920, 15, 48, 8
1921, 59, 31, 5
1922, 266, 58, 8
1923, 1702, 1, 13
1924, 441, 75, 2
1925, 457, 2, 14
1926, 585, 63, 7
1927, 1607, 53, 2
1928, 636, 8, 13
1929, 674, 13, 2
1930, 974, 98, 3
1931, 1412, 53, 1
1932, 1416, 42, 13
1933, 1193, 74, 4
1934, 1213, 39, 15
1935, 438, 31, 1
1936, 1447, 47, 12
1937, 127, 19, 6
1938, 1364, 36, 5
1939, 1900, 7, 9
1940, 94, 62, 11
1941, 294, 53, 11
1942, 1604, 20, 15
1943, 1743, 61, 8
1944, 1022, 91, 2
1945, 924, 34, 12
1946, 621, 23, 15
1947, 673, 24, 7
1948, 659, 69, 11
1949, 1764, 1, 4
1950, 713, 71, 14
1951, 1007, 68, 15
1952, 541, 31, 9
1953, 956, 72, 2
1954, 394, 4, 15
1955, 251, 73, 12
1956, 639, 1, 12
1957, 743, 24, 7
1958, 906, 29, 8
1959, 1689, 83, 2
1960, 329, 86, 2
1961, 925, 98, 2
1962, 1771, 48, 15
1963, 166, 16, 1
1964, 1180, 38, 4
1965, 934, 46, 12
1966, 980, 26, 12
1967, 1354, 52, 3
1968, 543, 18, 7
1969, 196, 50, 9
1970, 424, 96, 5
1971, 216, 98, 8
1972, 175, 96, 4
1973, 819, 31, 3
1974, 981, 70, 10
1975, 544, 81, 14
1976, 978, 42, 10
1977, 540, 94, 13
1978, 1750, 83, 3
1979, 599, 9, 9
1980, 1426, 94, 1
1981, 1330, 44, 8
1982, 852, 54, 4
1983, 1881, 76, 14
1984, 1689, 14, 10
1985, 218, 91, 3
1986, 866, 99, 12
1987, 1341, 74, 6
1988, 1073, 16, 12
1989, 1548, 60, 1
1990, 1543, 49, 11
1991, 476, 34, 4
1992, 688, 29, 4
1993, 1636, 100, 1
1994, 1830, 33, 5
1995, 339, 53, 6
1996, 990, 87, 7
1997, 1801, 35, 6
1998, 128, 50, 11
1999, 1700, 56, 6
2000, 1713, 81, 4
2001, 649, 4, 4
2002, 1954, 25, 11
2003, 1069, 87, 7
2004, 257, 43, 12
2005, 1556, 47, 9
2006, 1460, 6, 3
2007, 47, 34, 13
2008, 1209, 64, 3
2009, 1533, 87, 9
2010, 866, 73, 7
2011, 822, 60, 8
2012, 1319, 80, 14
2013, 177, 95, 10
2014, 1238, 35, 3
2015, 1307, 80, 9
2016, 68, 73, 4
2017, 1992, 45, 7
2018, 1199, 71, 10
2019, 1460, 2, 3
2020, 87, 47, 11
2021, 1516, 4, 15
2022, 292, 49, 7
2023, 802, 86, 3
2024, 631, 36, 11
2025, 1802, 19, 5
2026, 1402, 40, 13
2027, 1021, 95, 8
2028, 769, 18, 4
2029, 1081, 42, 1
2030, 476, 51, 2
2031, 683, 17, 15
2032, 82, 85, 5
2033, 1572, 10, 1
2034, 1210, 49, 3
2035, 1001, 83, 4
2036, 320, 70, 6
2037, 1652, 98, 10
2038, 1002, 51, 1
2039, 1899, 94, 15
2040, 1652, 49, 12
2041, 841, 6, 2
2042, 1781, 85, 9
2043, 1899, 51, 5
2044, 1589, 35, 11
2045, 1330, 39, 9
2046, 831, 44, 8
2047, 1912, 88, 14
2048, 194, 19, 9
2049, 1602, 12, 7
2050, 1764, 94, 4
2051, 704, 23, 11
2052, 735, 24, 15
2053, 262, 32, 10
2054, 876, 14, 14
2055, 238, 38, 8
2056, 1540, 49, 1
2057, 1731, 69, 4
2058, 1354, 11, 10
2059, 1748, 76, 11
2060, 1392, 57, 2
2061, 828, 72, 6
2062, 1801, 91, 9
2063, 217, 76, 15
2064, 1891, 21, 1
2065, 1169, 10, 12
2066, 750, 62, 8
2067, 1929, 22, 12
2068, 667, 89, 9
2069, 628, 95, 14
2070, 713, 54, 13
2071, 235, 20, 6
2072, 1431, 62, 6
2073, 1797, 17, 7
2074, 1526, 93, 6
2075, 372, 10, 2
2076, 1455, 31, 3
2077, 183, 33, 7
2078, 1540, 40, 8
2079, 1468, 86, 7
2080, 198, 63, 11
2081, 792, 42, 6
2082, 519, 10, 2
2083, 94, 14, 14
2084, 39, 2, 9
2085, 760, 19, 11
2086, 778, 97, 4
2087, 110, 1, 5
2088, 861, 7, 8
2089, 1204, 40, 15
2090, 1505, 48, 2
2091, 527, 57, 9
2092, 48, 13, 6
2093, 1180, 32, 4
2094, 1917, 97, 11
2095, 992, 16, 9
2096, 769, 15, 10
2097, 1264, 71, 15
2098, 710, 5, 13
2099, 1235, 37, 8
2100, 975, 8, 1
2101, 126, 42, 3
2102, 733, 15, 11
2103, 112, 92, 14
2104, 551, 39, 12
2105, 363, 69, 13
2106, 1732, 24, 4
2107, 1845, 84, 11
2108, 1706, 51, 8
2109, 386, 90, 8
2110, 289, 73, 1
2111, 599, 20, 7
2112, 1457, 69, 12
2113, 673, 36, 4
2114, 439, 67, 9
2115, 402, 47, 6
2116, 602, 16, 4
2117, 520, 25, 12
2118, 48, 91, 7
2119, 255, 53, 15
2120, 1800, 31, 11
2121, 25, 99, 2
2122, 1993, 69, 10
2123, 49, 83, 12
2124, 1651, 49, 13
2125, 483, 59, 2
2126, 404, 9, 12
2127, 881, 41, 10
2128, 449, 12, 7
2129, 1316, 22, 5
2130, 1489, 89, 15
2131, 873, 55, 3
2132, 1906, 17, 11
2133, 1960, 19, 13
2134, 1950, 29, 3
2135, 1402, 60, 9
2136, 1127, 34, 4
2137, 1908, 67, 8
2138, 1639, 48, 8
2139, 1923, 76, 12
2140, 1678, 29, 7
2141, 1971, 95, 10
2142, 987, 31, 9
2143, 920, 90, 11
2144, 1606, 76, 10
2145, 1526, 56, 6
2146, 1452, 94, 13
2147, 1602, 90, 2
2148, 883, 80, 1
2149, 885, 9, 15
2150, 817, 99, 11
2151, 1703, 43, 11
2152, 1957, 14, 4
2153, 697, 5, 3
2154, 1010, 76, 13
2155, 355, 54, 1
2156, 625, 74, 6
2157, 51, 24, 5
2158, 1425, 30, 12
2159, 1151, 53, 4
2160, 1433, 29, 15
2161, 1993, 30, 2
2162, 504, 4, 5
2163, 495, 50, 5
2164, 1100, 54, 2
2165, 869, 9, 11
2166, 1062, 83, 2
2167, 1106, 56, 3
2168, 955, 56, 5
2169, 306, 10, 2
2170, 1707, 18, 12
2171, 310, 24, 10
2172, 538, 44, 8
2173, 1645, 34, 12
2174, 387, 6, 1
2175, 1062, 55, 13
2176, 1218, 56, 4
2177, 1964, 33, 5
2178, 223, 24, 3
2179, 540, 27, 11
2180, 1237, 82, 2
2181, 1294, 86, 4
2182, 127, 85, 15
2183, 96, 31, 15
2184, 1270, 21, 6
2185, 905, 64, 4
2186, 1786, 78, 14
2187, 49, 37, 7
2188, 692, 12, 12
2189, 1110, 47, 2
2190, 1435, 84, 2
2191, 1151, 39, 9
2192, 1233, 48, 3
2193, 1918, 63, 8
2194, 1803, 90, 5
2195, 824, 33, 6
2196, 1793, 70, 7
2197, 622, 9, 2
2198, 1059, 61, 8
2199, 1779, 3, 12
2200, 948, 83, 14
2201, 754, 89, 4
2202, 1289, 99, 8
2203, 913, 9, 8
2204, 1342, 67, 10
2205, 277, 96, 15
2206, 199, 70, 15
2207, 105, 69, 13
2208, 1304, 70, 13
2209, 603, 68, 12
2210, 1018, 29, 12
2211, 1268, 33, 14
2212, 1954, 90, 2
2213, 1083, 8, 14
2214, 219, 85, 9
2215, 472, 4, 10
2216, 62, 46, 8
2217, 490, 20, 14
2218, 1463, 22, 8
2219, 488, 44, 5
2220, 658, 97, 8
2221, 1199, 79, 10
2222, 350, 92, 12
2223, 815, 28, 5
2224, 161, 81, 6
2225, 1201, 90, 10
2226, 456, 72, 5
2227, 737, 59, 11
2228, 314, 51, 9
2229, 1021, 15, 6
2230, 1506, 25, 7
2231, 91, 49, 7
2232, 967, 33, 12
2233, 411, 46, 1
2234, 243, 59, 11
2235, 80, 18, 1
2236, 1792, 78, 11
2237, 486, 97, 3
2238, 1530, 61, 9
2239, 274, 99, 8
2240, 481, 48, 6
2241, 970, 36, 1
2242, 898, 63, 4
2243, 768, 18, 12
2244, 1745, 39, 1
2245, 1429, 93, 14
2246, 63, 90, 7
2247, 1401, 72, 9
2248, 337, 9, 3
2249, 1907, 32, 5
2250, 926, 17, 12
2251, 1214, 46, 14
2252, 666, 11, 8
2253, 1770, 20, 6
2254, 524, 100, 1
2255, 12, 81, 5
2256, 1723, 76, 13
2257, 1332, 80, 7
2258, 1693, 92, 7
2259, 803, 4, 2
2260, 1054, 58, 12
2261, 775, 27, 13
2262, 1523, 75, 11
2263, 1699, 69, 6
2264, 1204, 2, 3
2265, 989, 68, 4
2266, 35, 32, 2
2267, 1845, 33, 6
2268, 1516, 29, 2
2269, 1968, 93, 13
2270, 815, 66, 5
2271, 491, 83, 14
2272, 1516, 21, 1
2273, 670, 40, 2
2274, 912, 95, 11
2275, 1793, 75, 15
2276, 237, 7, 15
2277, 1576, 69, 15
2278, 64, 91, 6
2279, 1117, 53, 7
2280, 1070, 20, 2
2281, 278, 43, 12
2282, 381, 37, 10
2283, 1075, 14, 12
2284, 309, 90, 10
2285, 1230, 86, 13
2286, 972, 91, 10
2287, 478, 90, 8
2288, 1106, 46, 2
2289, 1574, 46, 8
2290, 1695, 69, 5
2291, 400, 48, 7
2292, 1167, 87, 8
2293, 938, 100, 14
2294, 820, 95, 2
2295, 980, 71, 11
2296, 71, 71, 8
2297, 1192, 68, 4
2298, 1297, 69, 14
2299, 1602, 9, 14
2300, 1505, 79, 12
2301, 1946, 75, 9
2302, 1503, 43, 2
2303, 235, 33, 12
2304, 1365, 53, 13
2305, 1780, 27, 7
2306, 532, 48, 7
2307, 305, 52, 8
2308, 784, 97, 3
2309, 1409, 43, 7
2310, 51, 30, 12
2311, 122, 94, 1
2312, 635, 71, 1
2313, 1612, 14, 1
2314, 1493, 82, 9
2315, 894, 100, 12
2316, 88, 96, 10
2317, 1449, 89, 14
2318, 1568, 63, 15
2319, 1552, 3, 13
2320, 695, 52, 14
2321, 1451, 73, 9
2322, 1364, 80, 15
2323, 1841, 81, 8
2324, 1158, 13, 15
2325, 690, 5, 13
2326, 1464, 20, 4
2327, 615, 32, 10
2328, 106, 5, 5
2329, 1519, 41, 9
2330, 1936, 54, 8
2331, 830, 56, 10
2332, 431, 85, 9
2333, 1547, 41, 8
2334, 1590, 49, 1
2335, 741, 39, 9
2336, 1667, 42, 3
2337, 1889, 73, 12
2338, 685, 26, 15
2339, 1765, 21, 1
2340, 1252, 29, 6
2341, 869, 99, 15
2342, 1610, 11, 8
2343, 1080, 55, 7
2344, 1351, 38, 9
2345, 1175, 15, 5
2346, 1423, 41, 4
2347, 940, 88, 13
2348, 1421, 29, 3
2349, 361, 52, 13
2350, 1395, 75, 13
2351, 136, 26, 2
2352, 1409, 4, 15
2353, 810, 82, 8
2354, 1753, 99, 3
2355, 1690, 82, 7
2356, 1386, 7, 15
2357, 279, 27, 8
2358, 1232, 83, 13
2359, 344, 74, 7
2360, 1709, 92, 7
2361, 1651, 6, 8
2362, 240, 97, 1
2363, 1388, 78, 6
2364, 701, 58, 10
2365, 735, 83, 2
2366, 182, 72, 9
2367, 66, 31, 12
2368, 1960, 7, 5
2369, 429, 28, 14
2370, 1205, 15, 9
2371, 1893, 54, 14
2372, 1028, 21, 2
2373, 1537, 14, 4
2374, 1620, 28, 3
2375, 1659, 26, 1
2376, 488, 12, 7
2377, 439, 97, 15
2378, 1789, 16, 2
2379, 1231, 66, 13
2380, 1905, 19, 3
2381, 159, 60, 14
2382, 1009, 56, 13
2383, 449, 48, 9
2384, 1585, 49, 3
2385, 1498, 23, 13
2386, 1402, 34, 2
2387, 1370, 15, 13
2388, 1826, 4, 14
2389, 1970, 95, 1
2390, 1025, 3, 2
2391, 1170, 59, 8
2392, 1872, 58, 13
2393, 1651, 37, 11
2394, 419, 3, 6
2395, 862, 95, 2
2396, 1541, 44, 11
2397, 443, 77, 5
2398, 814, 65, 6
2399, 588, 45, 9
2400, 337, 90, 8
2401, 963, 59, 13
2402, 583, 89, 14
2403, 37, 38, 6
2404, 1740, 25, 15
2405, 1476, 42, 14
2406, 954, 51, 2
2407, 1297, 7, 1
2408, 1479, 82, 14
2409, 1162, 34, 12
2410, 278, 76, 9
2411, 1476, 52, 1
2412, 733, 96, 10
2413, 183, 74, 12
2414, 1837, 5, 2
2415, 955, 29, 13
2416, 1610, 85, 2
2417, 651, 48, 2
2418, 1967, 47, 1
2419, 577, 32, 15
2420, 1283, 33, 9
2421, 1480, 76, 3
2422, 772, 43, 7
2423, 951, 64, 12
2424, 1336, 40, 5
2425, 1204, 67, 5
2426, 209, 15, 13
2427, 1366, 31, 13
2428, 1005, 73, 3
2429, 1512, 62, 9
2430, 96, 93, 12
2431, 1316, 91, 13
2432, 396, 87, 11
2433, 1027, 97, 6
2434, 1198, 47, 13
2435, 1042, 89, 12
2436, 1952, 43, 2
2437, 929, 1, 13
2438, 204, 54, 6
2439, 906, 82, 2
2440, 58, 53, 13
2441, 119, 16, 7
2442, 866, 35, 2
2443, 1044, 77, 15
2444, 1191, 72, 9
2445, 1333, 77, 13
2446, 1029, 72, 12
2447, 1920, 12, 3
2448, 621, 7, 3
2449, 1331, 60, 10
2450, 73, 16, 14
2451, 884, 99, 13
2452, 77, 53, 3
2453, 362, 63, 12
2454, 1586, 88, 3
2455, 970, 65, 12
2456, 362, 30, 8
2457, 1221, 83, 3
2458, 97, 70, 12
2459, 1277, 38, 9
2460, 1566, 39, 5
2461, 868, 67, 6
2462, 806, 83, 13
2463, 899, 34, 3
2464, 1732, 26, 9
2465, 922, 22, 10
2466, 681, 14, 3
2467, 886, 16, 5
2468, 629, 36, 13
2469, 930, 96, 6
2470, 353, 54, 12
2471, 79, 32, 1
2472, 441, 21, 2
2473, 1147, 30, 7
2474, 245, 54, 14
2475, 870, 83, 2
2476, 254, 93, 10
2477, 956, 69, 5
2478, 1593, 10, 15
2479, 933, 20, 11
2480, 1890, 68, 9
2481, 1900, 81, 9
2482, 1261, 53, 7
2483, 617, 41, 5
2484, 1916, 44, 14
2485, 1490, 35, 10
2486, 1634, 13, 8
2487, 116, 56, 12
2488, 688, 100, 4
2489, 287, 83, 13
2490, 807, 75, 15
2491, 1189, 77, 6
2492, 604, 98, 12
2493, 501, 26, 11
2494, 1853, 49, 12
2495, 1891, 95, 4
2496, 32, 12, 4
2497, 519, 61, 5
2498, 634, 19, 8
2499, 1088, 68, 5
2500, 1752, 26, 7
2501, 444, 15, 5
2502, 1872, 52, 13
2503, 730, 19, 12
2504, 1604, 21, 12
2505, 852, 94, 10
2506, 284, 78, 15
2507, 1644, 66, 13
2508, 906, 21, 3
2509, 1091, 94, 9
2510, 1318, 36, 3
2511, 855, 100, 12
2512, 567, 23, 13
2513, 580, 35, 12
2514, 1725, 89, 4
2515, 561, 52, 4
2516, 123, 68, 4
2517, 342, 94, 8
2518, 1009, 87, 1
2519, 114, 11, 7
2520, 1271, 45, 8
2521, 755, 70, 12
2522, 1187, 36, 15
2523, 1778, 84, 10
2524, 1515, 75, 12
2525, 984, 47, 3
2526, 1410, 97, 10
2527, 760, 35, 10
2528, 1060, 14, 4
2529, 220, 82, 13
2530, 93, 44, 8
2531, 571, 1, 15
2532, 1109, 31, 10
2533, 759, 91, 8
2534, 1242, 11, 9
2535, 527, 92, 6
2536, 1838, 41, 10
2537, 1352, 94, 5
2538, 267, 48, 8
2539, 1950, 19, 12
2540, 160, 28, 12
2541, 1855, 34, 13
2542, 182, 45, 12
2543, 1865, 97, 6
2544, 1858, 92, 13
2545, 1805, 55, 2
2546, 1423, 42, 14
2547, 652, 58, 4
2548, 1010, 64, 15
2549, 1634, 12, 1
2550, 565, 64, 9
2551, 71, 47, 14
2552, 969, 29, 6
2553, 686, 88, 15
2554, 212, 22, 3
2555, 1794, 12, 6
2556, 946, 52, 14
2557, 1709, 17, 14
2558, 1531, 94, 1
2559, 1907, 67, 1
2560, 1599, 59, 6
2561, 672, 7, 10
2562, 739, 44, 1
2563, 922, 26, 2
2564, 1861, 96, 10
2565, 571, 24, 3
2566, 955, 49, 4
2567, 389, 78, 3
2568, 1824, 94, 1
2569, 91, 71, 6
2570, 439, 42, 6
2571, 1933, 51, 7
2572, 299, 53, 8
2573, 1067, 32, 9
2574, 278, 68, 7
2575, 736, 39, 15
2576, 1176, 5, 4
2577, 1237, 9, 2
2578, 1494, 89, 3
2579, 1012, 54, 6
2580, 1042, 62, 12
2581, 1150, 85, 3
2582, 713, 27, 12
2583, 956, 80, 14
2584, 259, 92, 14
2585, 1575, 96, 11
2586, 991, 88, 4
2587, 872, 99, 2
2588, 1437, 64, 9
2589, 39, 36, 2
2590, 4, 81, 7
2591, 1088, 35, 9
2592, 1896, 93, 9
2593, 476, 62, 8
2594, 570, 18, 2
2595, 908, 56, 9
2596, 1584, 22, 6
2597, 95, 42, 8
2598, 542, 29, 10
2599, 1247, 14, 14
2600, 1639, 95, 5
2601, 844, 86, 13
2602, 1476, 44, 12
2603, 32, 77, 10
2604, 1723, 76, 2
2605, 457, 55, 8
2606, 1395, 78, 12
2607, 311, 64, 3
2608, 1820, 98, 15
2609, 1193, 75, 1
2610, 1936, 35, 2
2611, 540, 75, 13
2612, 797, 34, 11
2613, 1274, 95, 2
2614, 1397, 83, 3
2615, 958, 9, 8
2616, 1890, 96, 1
2617, 497, 58, 3
2618, 692, 33, 1
2619, 1598, 10, 4
2620, 1732, 99, 15
2621, 194, 74, 5
2622, 119, 39, 8
2623, 709, 43, 3
2624, 1764, 47, 3
2625, 1960, 45, 11
2626, 166, 70, 4
2627, 1205, 15, 3
2628, 231, 1, 15
2629, 685, 32, 1
2630, 512, 30, 8
2631, 1682, 100, 5
2632, 626, 13, 5
2633, 1225, 61, 9
2634, 127, 70, 4
2635, 225, 73, 11
2636, 880, 56, 11
2637, 1977, 70, 13
2638, 831, 10, 3
2639, 1219, 75, 14
2640, 742, 94, 1
2641, 1339, 85, 9
2642, 1899, 41, 1
2643, 1712, 58, 7
2644, 1519, 19, 2
2645, 1081, 35, 12
2646, 467, 81, 15
2647, 1141, 10, 15
2648, 56, 99, 10
2649, 1578, 71, 5
2650, 1367, 7, 1
2651, 1834, 31, 6
2652, 357, 73, 6
2653, 1764, 32, 15
2654, 188, 57, 10
2655, 1354, 3, 5
2656, 1189, 60, 6
2657, 902, 58, 15
2658, 1612, 99, 12
2659, 634, 98, 3
2660, 858, 88, 5
2661, 1586, 16, 2
2662, 71, 24, 1
2663, 837, 65, 9
2664, 175, 100, 10
2665, 876, 6, 4
2666, 352, 13, 4
2667, 722, 96, 7
2668, 367, 46, 8
2669, 706, 45, 9
2670, 233, 60, 7
2671, 221, 39, 11
2672, 851, 4, 13
2673, 70, 31, 13
2674, 1174, 11, 4
2675, 728, 15, 11
2676, 871, 87, 6
2677, 1600, 59, 4
2678, 1200, 16, 6
2679, 1578, 38, 12
2680, 1817, 29, 1
2681, 1054, 49, 11
2682, 191, 93, 14
2683, 1102, 11, 9
2684, 1948, 37, 6
2685, 1109, 99, 11
2686, 1437, 82, 11
2687, 81, 3, 4
2688, 1030, 30, 4
2689, 1944, 48, 13
2690, 1927, 8, 7
2691, 1798, 76, 11
2692, 1176, 30, 5
2693, 1757, 56, 8
2694, 206, 76, 15
2695, 1075, 96, 11
2696, 432, 43, 15
2697, 701, 48, 6
2698, 1282, 78, 5
2699, 1812, 2, 8
2700, 319, 71, 9
2701, 1389, 67, 9
2702, 1976, 57, 7
2703, 1224, 78, 12
2704, 655, 1, 5
2705, 1014, 23, 11
2706, 32, 89, 5
2707, 138, 36, 1
2708, 1817, 72, 12
2709, 1727, 6, 5
2710, 19, 78, 3
2711, 1003, 14, 4
2712, 1337, 64, 12
2713, 1399, 65, 11
2714, 411, 43, 15
2715, 1790, 59, 1
2716, 381, 71, 4
2717, 1759, 36, 12
2718, 113, 4, 4
2719, 782, 61, 4
2720, 39, 81, 4
2721, 1307, 36, 6
2722, 1343, 29, 6
2723, 723, 35, 3
2724, 169, 8, 9
2725, 1414, 63, 6
2726, 899, 61, 7
2727, 344, 47, 8
2728, 718, 72, 9
2729, 1624, 6, 3
2730, 1875, 67, 12
2731, 912, 65, 3
2732, 459, 6, 4
2733, 1333, 40, 15
2734, 741, 56, 12
2735, 847, 70, 4
2736, 1052, 65, 5
2737, 917, 15, 15
2738, 1464, 83, 3
2739, 263, 59, 13
2740, 701, 31, 15
2741, 753, 47, 11
2742, 159, 40, 10
2743, 756, 21, 7
2744, 1414, 8, 12
2745, 1947, 28, 7
2746, 350, 3, 3
2747, 863, 70, 8
2748, 1211, 53, 5
2749, 1702, 87, 11
2750, 475, 63, 15
2751, 1398, 52, 1
2752, 176, 61, 12
2753, 482, 64, 4
2754, 1905, 5, 9
2755, 1283, 24, 13
2756, 1029, 60, 4
2757, 1267, 8, 14
2758, 438, 80, 13
2759, 442, 67, 10
2760, 1164, 26, 10
2761, 70, 41, 12
2762, 1628, 63, 2
2763, 1287, 83, 3
2764, 1126, 39, 15
2765, 21, 52, 3
2766, 1946, 27, 1
2767, 1286, 54, 7
2768, 1050, 11, 4
2769, 720, 53, 6
2770, 233, 57, 3
2771, 1156, 21, 3
2772, 1353, 39, 2
2773, 684, 38, 5
2774, 1131, 59, 7
2775, 482, 19, 10
2776, 689, 76, 14
2777, 1459, 40, 2
2778, 759, 93, 8
2779, 440, 79, 6
2780, 280, 55, 13
2781, 842, 58, 7
2782, 356, 85, 15
2783, 1606, 51, 12
2784, 744, 85, 6
2785, 1128, 31, 1
2786, 586, 59, 14
2787, 1727, 20, 9
2788, 1473, 25, 7
2789, 318, 4, 2
2790, 785, 40, 14
2791, 41, 41, 7
2792, 1241, 36, 14
2793, 396, 48, 8
2794, 1800, 37, 8
2795, 200, 86, 9
2796, 40, 57, 7
2797, 273, 60, 13
2798, 1921, 24, 10
2799, 131, 92, 12
2800, 1883, 57, 5
2801, 1806, 43, 2
2802, 1334, 31, 1
2803, 253, 68, 12
2804, 1969, 71, 13
2805, 1795, 72, 15
2806, 539, 75, 8
2807, 1680, 22, 1
2808, 196, 1, 8
2809, 780, 94, 11
2810, 331, 79, 13
2811, 1629, 29, 15
2812, 1851, 24, 3
2813, 1534, 37, 3
2814, 765, 47, 15
2815, 1683, 50, 12
2816, 1330, 65, 2
2817, 1903, 61, 10
2818, 843, 77, 11
2819, 1572, 72, 11
2820, 422, 79, 4
2821, 1806, 54, 2
2822, 550, 57, 15
2823, 1542, 62, 5
2824, 561, 81, 7
2825, 1791, 81, 4
2826, 1484, 78, 13
2827, 1490, 90, 8
2828, 1776, 4, 11
2829, 1292, 5, 13
2830, 1927, 42, 8
2831, 227, 26, 8
2832, 442, 26, 11
2833, 1095, 21, 9
2834, 676, 95, 10
2835, 1512, 82, 4
2836, 996, 74, 3
2837, 1927, 11, 7
2838, 1533, 34, 4
2839, 962, 25, 14
2840, 608, 75, 2
2841, 920, 7, 13
2842, 615, 97, 10
2843, 1376, 20, 6
2844, 534, 93, 4
2845, 524, 54, 8
2846, 1851, 84, 4
2847, 106, 38, 2
2848, 576, 68, 2
2849, 710, 38, 9
2850, 1250, 5, 11
2851, 1351, 32, 12
2852, 592, 54, 9
2853, 710, 92, 14
2854, 1373, 73, 15
2855, 1699, 14, 2
2856, 1017, 77, 6
2857, 1250, 73, 10
2858, 311, 56, 9
2859, 1800, 74, 13
2860, 522, 22, 9
2861, 1821, 6, 8
2862, 838, 56, 7
2863, 1743, 69, 5
2864, 1792, 37, 9
2865, 1149, 97, 14
2866, 460, 57, 8
2867, 922, 6, 8
2868, 1776, 8, 11
2869, 695, 17, 8
2870, 478, 3, 11
2871, 1948, 55, 8
2872, 665, 95, 8
2873, 1854, 62, 2
2874, 469, 51, 11
2875, 1166, 92, 12
2876, 1555, 21, 3
2877, 28, 90, 10
2878, 352, 18, 15
2879, 1746, 62, 8
2880, 1755, 37, 8
2881, 628, 99, 1
2882, 409, 36, 5
2883, 1438, 91, 1
2884, 1511, 23, 8
2885, 421, 87, 13
2886, 1762, 40, 10
2887, 656, 1, 12
2888, 668, 75, 3
2889, 870, 65, 8
2890, 940, 40, 12
2891, 576, 1, 10
2892, 204, 91, 12
2893, 354, 28, 4
2894, 1141, 1, 11
2895, 369, 41, 2
2896, 156, 55, 10
2897, 1036, 52, 14
2898, 501, 71, 11
2899, 908, 75, 2
2900, 1250, 65, 6
2901, 310, 38, 2
2902, 600, 92, 9
2903, 1463, 73, 2
2904, 583, 61, 15
2905, 1496, 33, 2
2906, 1432, 97, 10
2907, 963, 97, 1
2908, 1614, 14, 3
2909, 950, 51, 4
2910, 1629, 51, 7
2911, 1071, 43, 7
2912, 1995, 54, 15
2913, 793, 65, 4
2914, 1620, 86, 10
2915, 1643, 62, 10
2916, 1356, 61, 11
2917, 1818, 64, 14
2918, 368, 18, 12
2919, 850, 51, 6
2920, 568, 12, 13
2921, 1273, 60, 6
2922, 1300, 49, 13
2923, 51, 37, 6
2924, 1453, 92, 9
2925, 205, 15, 15
2926, 222, 75, 1
2927, 82, 85, 7
2928, 732, 63, 13
2929, 988, 82, 10
2930, 1757, 41, 13
2931, 1367, 37, 1
2932, 282, 12, 1
2933, 463, 29, 10
2934, 86, 66, 8
2935, 426, 20, 12
2936, 278, 15, 1
2937, 1905, 43, 12
2938, 1283, 61, 6
2939, 1817, 17, 7
2940, 328, 40, 11
2941, 1387, 93, 14
2942, 1974, 52, 2
2943, 1454, 12, 11
2944, 1412, 31, 15
2945, 1143, 19, 12
2946, 549, 33, 12
2947, 487, 24, 8
2948, 1195, 23, 10
2949, 1629, 31, 3
2950, 1212, 93, 12
2951, 818, 18, 13
2952, 798, 87, 13
2953, 136, 13, 13
2954, 1461, 70, 2
2955, 1247, 82, 15
2956, 949, 80, 10
2957, 355, 70, 1
2958, 441, 88, 3
2959, 1150, 50, 2
2960, 1744, 60, 14
2961, 719, 79, 13
2962, 1133, 85, 10
2963, 493, 34, 6
2964, 275, 29, 1
2965, 779, 87, 2
2966, 1823, 40, 9
2967, 205, 22, 14
2968, 1835, 32, 3
2969, 151, 56, 10
2970, 127, 88, 13
2971, 179, 21, 4
2972, 1067, 30, 9
2973, 1551, 73, 12
2974, 296, 33, 7
2975, 331, 78, 15
2976, 704, 28, 12
2977, 1710, 58, 1
2978, 105, 15, 12
2979, 82, 36, 14
2980, 968, 43, 3
2981, 186, 81, 10
2982, 855, 54, 1
2983, 387, 49, 3
2984, 406, 15, 5
2985, 2000, 99, 4
2986, 646, 81, 13
2987, 996, 85, 6
2988, 1161, 77, 14
2989, 337, 13, 3
2990, 180, 94, 12
2991, 1832, 3, 8
2992, 239, 34, 2
2993, 848, 4, 11
2994, 636, 61, 13
2995, 1617, 71, 1
2996, 842, 9, 2
2997, 1456, 48, 4
2998, 922, 13, 6
2999, 1869, 50, 10
3000, 491, 39, 11
3001, 666, 86, 11
3002, 1792, 57, 4
3003, 918, 34, 3
3004, 808, 98, 13
3005, 800, 12, 12
3006, 1198, 20, 14
3007, 1982, 56, 13
3008, 1723, 10, 7
3009, 1394, 44, 6
3010, 736, 48, 3
3011, 292, 6, 13
3012, 488, 46, 1
3013, 202, 59, 12
3014, 444, 99, 2
3015, 402, 96, 1
3016, 23, 7, 3
3017, 643, 36, 1
3018, 314, 10, 14
3019, 1828, 8, 11
3020, 733, 27, 14
3021, 466, 11, 13
3022, 1322, 31, 8
3023, 582, 1, 1
3024, 1998, 48, 5
3025, 401, 21, 3
3026, 913, 2, 15
3027, 1555, 75, 4
3028, 189, 18, 9
3029, 1235, 33, 6
3030, 1151, 39, 8
3031, 1407, 18, 14
3032, 1254, 22, 8
3033, 1633, 29, 13
3034, 126, 40, 1
3035, 1548, 55, 14
3036, 1220, 55, 11
3037, 455, 86, 5
3038, 743, 53, 4
3039, 1758, 92, 4
3040, 740, 63, 3
3041, 824, 28, 7
3042, 1810, 34, 4
3043, 1612, 16, 14
3044, 1036, 48, 5
3045, 1285, 11, 11
3046, 953, 37, 11
3047, 1659, 24, 4
3048, 1382, 97, 10
3049, 221, 43, 1
3050, 883, 45, 1
3051, 230, 98, 3
3052, 1541, 24, 8
3053, 1533, 82, 11
3054, 909, 93, 15
3055, 1065, 76, 14
3056, 722, 33, 9
3057, 164, 54, 14
3058, 1439, 18, 7
3059, 1177, 21, 9
3060, 1453, 49, 3
3061, 1745, 13, 2
3062, 840, 88, 15
3063, 1166, 93, 15
3064, 1395, 61, 1
3065, 1163, 81, 8
3066, 640, 94, 6
3067, 71, 22, 13
3068, 1322, 22, 6
3069, 1588, 80, 8
3070, 302, 92, 4
3071, 1640, 57, 8
3072, 993, 11, 8
3073, 163, 50, 11
3074, 1503, 17, 4
3075, 127, 16, 2
3076, 1984, 89, 15
3077, 974, 11, 1
3078, 444, 7, 14
3079, 1905, 31, 8
3080, 1737, 9, 14
3081, 811, 21, 8
3082, 1959, 89, 3
3083, 471, 58, 8
3084, 1880, 94, 4
3085, 406, 92, 3
3086, 973, 79, 14
3087, 455, 1, 15
3088, 255, 51, 7
3089, 290, 54, 14
3090, 1532, 87, 12
3091, 1868, 72, 10
3092, 61, 40, 11
3093, 529, 73, 2
3094, 1403, 59, 10
3095, 1539, 37, 14
3096, 654, 89, 9
3097, 365, 81, 5
3098, 62, 62, 15
3099, 685, 55, 10
3100, 1828, 76, 8
3101, 1576, 37, 1
3102, 904, 50, 14
3103, 637, 34, 12
3104, 596, 48, 1
3105, 332, 84, 3
3106, 1344, 89, 11
3107, 769, 25, 13
3108, 453, 60, 6
3109, 167, 66, 13
3110, 532, 98, 4
3111, 783, 83, 1
3112, 1348, 95, 15
3113, 1142, 52, 13
3114, 866, 70, 12
3115, 1519, 63, 11
3116, 396, 68, 7
3117, 1406, 18, 5
3118, 1846, 67, 1
3119, 127, 1, 14
3120, 495, 51, 14
3121, 1729, 26, 13
3122, 446, 64, 10
3123, 1078, 3, 15
3124, 499, 36, 11
3125, 1881, 30, 6
3126, 1307, 13, 11
3127, 1745, 3, 5
3128, 1229, 26, 6
3129, 1614, 25, 15
3130, 1004, 61, 5
3131, 1268, 57, 9
3132, 817, 72, 2
3133, 1965, 39, 4
3134, 1823, 31, 10
3135, 1431, 69, 9
3136, 1076, 9, 12
3137, 1323, 86, 9
3138, 1176, 39, 15
3139, 426, 41, 3
3140, 1032, 2, 6
3141, 1299, 50, 11
3142, 1638, 31, 7
3143, 947, 1, 13
3144, 1848, 60, 7
3145, 1249, 69, 5
3146, 454, 89, 13
3147, 880, 64, 2
3148, 534, 79, 3
3149, 811, 72, 9
3150, 115, 14, 13
3151, 445, 39, 11
3152, 899, 29, 15
3153, 444, 68, 2
3154, 1967, 60, 8
3155, 1972, 67, 7
3156, 1419, 85, 14
3157, 1092, 10, 14
3158, 1486, 59, 6
3159, 459, 85, 8
3160, 553, 67, 13
3161, 403, 73, 13
3162, 447, 29, 9
3163, 474, 73, 11
3164, 1630, 71, 7
3165, 508, 68, 13
3166, 1486, 75, 11
3167, 1780, 66, 8
3168, 1495, 13, 1
3169, 1479, 23, 8
3170, 1543, 19, 8
3171, 1205, 63, 11
3172, 437, 76, 15
3173, 1858, 69, 14
3174, 1888, 94, 10
3175, 1846, 39, 6
3176, 242, 32, 11
3177, 1185, 83, 11
3178, 927, 85, 8
3179, 352, 32, 6
3180, 1230, 24, 14
3181, 1244, 43, 2
3182, 1010, 57, 6
3183, 541, 6, 6
3184, 876, 59, 1
3185, 635, 7, 1
3186, 392, 91, 3
3187, 1334, 62, 13
3188, 1628, 81, 15
3189, 907, 79, 1
3190, 590, 75, 3
3191, 1840, 81, 4
3192, 972, 63, 7
3193, 846, 64, 9
3194, 1053, 35, 6
3195, 1836, 69, 14
3196, 927, 3, 8
3197, 213, 53, 2
3198, 342, 21, 6
3199, 1874, 32, 6
3200, 719, 48, 3
3201, 1580, 31, 4
3202, 463, 83, 13
3203, 999, 51, 6
3204, 1529, 20, 2
3205, 750, 93, 11
3206, 1105, 91, 11
3207, 971, 43, 1
3208, 858, 84, 6
3209, 370, 2, 5
3210, 391, 23, 11
3211, 504, 71, 9
3212, 1121, 61, 14
3213, 1289, 42, 15
3214, 1891, 78, 14
3215, 984, 45, 11
3216, 722, 70, 5
3217, 492, 61, 7
3218, 596, 39, 13
3219, 620, 99, 7
3220, 32, 90, 3
3221, 1865, 100, 14
3222, 370, 31, 14
3223, 244, 34, 6
3224, 1997, 92, 5
3225, 262, 8, 10
3226, 724, 32, 2
3227, 1425, 61, 14
3228, 1087, 33, 10
3229, 1261, 4, 10
3230, 1041, 98, 2
3231, 1412, 80, 10
3232, 1774, 88, 1
3233, 1568, 8, 7
3234, 827, 98, 9
3235, 1659, 100, 9
3236, 111, 52, 7
3237, 1844, 82, 6
3238, 1946, 2, 8
3239, 932, 83, 2
3240, 1624, 32, 3
3241, 1288, 13, 9
3242, 563, 23, 11
3243, 1861, 70, 4
3244, 617, 62, 15
3245, 534, 67, 2
3246, 1001, 75, 7
3247, 150, 19, 3
3248, 1591, 78, 5
3249, 1092, 1, 1
3250, 1733, 50, 4
3251, 1177, 12, 8
3252, 1760, 66, 3
3253, 1163, 43, 12
3254, 296, 30, 12
3255, 268, 8, 7
3256, 653, 97, 2
3257, 319, 46, 1
3258, 351, 85, 4
3259, 196, 25, 2
3260, 1394, 21, 8
3261, 1646, 4, 2
3262, 626, 42, 5
3263, 622, 43, 8
3264, 959, 42, 9
3265, 647, 79, 12
3266, 831, 69, 6
3267, 610, 63, 2
3268, 1725, 13, 9
3269, 1617, 24, 11
3270, 67, 71, 4
3271, 830, 22, 6
3272, 294, 86, 7
3273, 434, 4, 11
3274, 1798, 22, 4
3275, 588, 100, 5
3276, 1660, 60, 14
3277, 1091, 3, 8
3278, 1337, 25, 5
3279, 1473, 24, 2
3280, 1618, 29, 9
3281, 1960, 77, 11
3282, 565, 41, 8
3283, 1701, 92, 12
3284, 1314, 16, 9
3285, 658, 6, 1
3286, 1996, 64, 15
3287, 279, 84, 4
3288, 952, 19, 11
3289, 949, 68, 15
3290, 161, 8, 10
3291, 774, 81, 11
3292, 1198, 60, 15
3293, 78, 41, 6
3294, 1432, 77, 14
3295, 1396, 57, 15
3296, 1096, 59, 12
3297, 1215, 1, 12
3298, 17, 50, 15
3299, 342, 80, 15
3300, 1042, 77, 2
3301, 120, 8, 4
3302, 142, 43, 9
3303, 814, 10, 7
3304, 132, 80, 7
3305, 1251, 32, 9
3306, 585, 26, 7
3307, 229, 27, 2
3308, 1505, 37, 9
3309, 141, 65, 3
3310, 1875, 50, 10
3311, 1027, 84, 11
3312, 740, 87, 12
3313, 1974, 1, 3
3314, 286, 84, 13
3315, 1590, 13, 3
3316, 1483, 30, 15
3317, 875, 34, 6
3318, 972, 98, 14
3319, 1113, 27, 7
3320, 645, 59, 2
3321, 1384, 30, 7
3322, 1081, 56, 1
3323, 43, 45, 3
3324, 1599, 63, 3
3325, 437, 80, 10
3326, 1083, 15, 10
3327, 9, 5, 6
3328, 783, 59, 9
3329, 1200, 100, 7
3330, 1968, 16, 4
3331, 307, 45, 11
3332, 1408, 85, 10
3333, 1199, 27, 15
3334, 1904, 8, 10
3335, 1380, 75, 13
3336, 568, 48, 12
3337, 588, 16, 4
3338, 1147, 38, 12
3339, 1050, 44, 14
3340, 492, 69, 4
3341, 517, 1, 8
3342, 1885, 57, 6
3343, 1739, 85, 4
3344, 1018, 47, 1
3345, 1585, 44, 3
3346, 1579, 45, 6
3347, 1760, 93, 9
3348, 1301, 88, 9
3349, 43, 52, 2
3350, 1100, 85, 3
3351, 159, 41, 14
3352, 831, 31, 12
3353, 1286, 41, 7
3354, 946, 2, 13
3355, 422, 46, 13
3356, 1042, 23, 4
3357, 1774, 10, 9
3358, 1490, 23, 2
3359, 442, 29, 10
3360, 545, 20, 14
3361, 592, 15, 1
3362, 489, 62, 1
3363, 966, 90, 14
3364, 15, 13, 1
3365, 544, 9, 14
3366, 187, 87, 11
3367, 122, 58, 10
3368, 920, 13, 12
3369, 42, 16, 6
3370, 1600, 62, 4
3371, 576, 41, 12
3372, 25, 54, 10
3373, 1871, 12, 9
3374, 1862, 39, 1
3375, 465, 83, 9
3376, 1113, 19, 10
3377, 679, 87, 13
3378, 1200, 72, 13
3379, 1442, 27, 12
3380, 1297, 20, 12
3381, 430, 19, 4
3382, 374, 79, 13
3383, 1928, 74, 9
3384, 1090, 67, 1
3385, 1059, 76, 4
3386, 913, 8, 4
3387, 1983, 9, 3
3388, 425, 60, 13
3389, 430, 75, 12
3390, 1830, 42, 6
3391, 1401, 84, 6
3392, 278, 48, 10
3393, 1141, 80, 9
3394, 1534, 86, 12
3395, 1922, 45, 10
3396, 1386, 87, 6
3397, 1209, 7, 9
3398, 961, 33, 12
3399, 1633, 42, 14
3400, 496, 63, 12
3401, 89, 31, 8
3402, 1109, 47, 6
3403, 1902, 64, 8
3404, 1403, 65, 11
3405, 586, 84, 8
3406, 680, 41, 5
3407, 1071, 18, 11
3408, 502, 39, 14
3409, 1420, 26, 4
3410, 302, 7, 4
3411, 1263, 62, 8
3412, 473, 79, 15
3413, 951, 19, 2
3414, 1345, 35, 13
3415, 640, 23, 1
3416, 995, 40, 15
3417, 1469, 27, 11
3418, 1280, 99, 8
3419, 327, 21, 15
3420, 1645, 6, 3
3421, 1959, 50, 3
3422, 860, 96, 7
3423, 1872, 76, 7
3424, 894, 88, 14
3425, 586, 98, 8
3426, 1598, 96, 1
3427, 196, 70, 3
3428, 1028, 81, 8
3429, 728, 96, 10
3430, 1965, 64, 10
3431, 902, 24, 13
3432, 1107, 20, 11
3433, 1112, 74, 10
3434, 1887, 43, 1
3435, 1709, 45, 4
3436, 1412, 70, 14
3437, 17, 21, 4
3438, 334, 46, 10
3439, 798, 57, 7
3440, 1167, 13, 2
3441, 1857, 42, 15
3442, 399, 69, 4
3443, 140, 4, 13
3444, 289, 64, 3
3445, 102, 18, 3
3446, 261, 92, 13
3447, 184, 41, 12
3448, 1441, 14, 2
3449, 1873, 50, 1
3450, 370, 83, 14
3451, 563, 18, 1
3452, 1372, 36, 1
3453, 1311, 66, 5
3454, 674, 63, 9
3455, 1374, 14, 14
3456, 411, 58, 2
3457, 1775, 15, 9
3458, 1067, 71, 13
3459, 744, 89, 8
3460, 382, 89, 4
3461, 863, 74, 14
3462, 1778, 4, 4
3463, 612, 47, 15
3464, 1198, 15, 11
3465, 487, 65, 14
3466, 781, 15, 15
3467, 1085, 64, 7
3468, 975, 13, 8
3469, 693, 97, 10
3470, 558, 34, 6
3471, 510, 60, 12
3472, 1444, 77, 7
3473, 378, 82, 12
3474, 1739, 25, 3
3475, 757, 50, 8
3476, 101, 18, 6
3477, 118, 26, 8
3478, 1383, 81, 2
3479, 1994, 1, 5
3480, 1687, 33, 5
3481, 696, 30, 6
3482, 662, 76, 14
3483, 280, 41, 11
3484, 1291, 64, 12
3485, 1316, 15, 4
3486, 1917, 84, 8
3487, 1628, 13, 9
3488, 723, 70, 5
3489, 1659, 61, 14
3490, 383, 58, 6
3491, 1234, 75, 14
3492, 1149, 22, 1
3493, 1328, 26, 6
3494, 988, 11, 6
3495, 387, 83, 1
3496, 1679, 95, 8
3497, 1581, 67, 10
3498, 1318, 57, 5
3499, 245, 99, 10
3500, 1061, 86, 9
3501, 1441, 18, 11
3502, 1172, 32, 10
3503, 1041, 31, 4
3504, 1295, 38, 2
3505, 1403, 85, 12
3506, 1133, 58, 3
3507, 1354, 96, 4
3508, 1248, 29, 5
3509, 618, 92, 10
3510, 960, 4, 12
3511, 1005, 52, 10
3512, 427, 30, 12
3513, 1878, 91, 5
3514, 484, 59, 6
3515, 1774, 48, 9
3516, 672, 39, 1
3517, 160, 48, 15
3518, 1105, 7, 7
3519, 1845, 32, 7
3520, 326, 85, 9
3521, 1867, 2, 11
3522, 1862, 34, 6
3523, 606, 34, 6
3524, 790, 34, 6
3525, 207, 2, 5
3526, 1795, 40, 9
3527, 596, 25, 6
3528, 1549, 67, 8
3529, 327, 40, 3
3530, 1612, 87, 10
3531, 1859, 65, 11
3532, 525, 56, 3
3533, 1322, 92, 12
3534, 1424, 58, 9
3535, 637, 56, 10
3536, 1147, 66, 3
3537, 310, 77, 14
3538, 1391, 1, 9
3539, 391, 83, 5
3540, 518, 63, 11
3541, 1587, 25, 2
3542, 789, 58, 2
3543, 605, 12, 1
3544, 1343, 32, 6
3545, 33, 54, 8
3546, 1483, 6, 2
3547, 980, 57, 10
3548, 1818, 84, 7
3549, 1669, 63, 2
3550, 97, 30, 3
3551, 1747, 4, 11
3552, 632, 76, 4
3553, 1776, 59, 1
3554, 1375, 56, 1
3555, 1681, 90, 9
3556, 362, 81, 11
3557, 1296, 53, 1
3558, 1312, 62, 9
3559, 1010, 39, 9
3560, 1433, 79, 15
3561, 729, 80, 12
3562, 519, 71, 11
3563, 1652, 38, 7
3564, 564, 80, 4
3565, 1453, 65, 10
3566, 1536, 64, 8
3567, 1486, 85, 7
3568, 1419, 64, 1
3569, 1768, 64, 14
3570, 290, 5, 13
3571, 494, 87, 9
3572, 363, 47, 8
3573, 774, 67, 8
3574, 1570, 62, 5
3575, 170, 73, 6
3576, 1850, 20, 9
3577, 153, 48, 8
3578, 879, 100, 4
3579, 358, 57, 7
3580, 534, 92, 7
3581, 778, 2, 15
3582, 1970, 68, 9
3583, 210, 82, 7
3584, 1287, 5, 10
3585, 1583, 13, 6
3586, 60, 91, 3
3587, 1191, 53, 6
3588, 1334, 14, 10
3589, 837, 78, 12
3590, 1006, 60, 15
3591, 1603, 98, 11
3592, 1284, 72, 10
3593, 1350, 42, 9
3594, 1815, 56, 12
3595, 1329, 47, 6
3596, 622, 4, 6
3597, 265, 67, 4
3598, 979, 70, 14
3599, 805, 43, 1
3600, 870, 87, 3
3601, 1007, 65, 9
3602, 5, 15, 4
3603, 1872, 39, 12
3604, 1763, 2, 3
3605, 599, 70, 8
3606, 1543, 44, 11
3607, 525, 43, 5
3608, 1662, 70, 11
3609, 559, 73, 9
3610, 1283, 89, 9
3611, 1227, 87, 4
3612, 990, 54, 8
3613, 1866, 42, 13
3614, 1097, 36, 7
3615, 1614, 96, 7
3616, 1118, 58, 6
3617, 1870, 70, 11
3618, 382, 77, 1
3619, 1022, 40, 15
3620, 1823, 36, 3
3621, 319, 26, 1
3622, 471, 15, 4
3623, 839, 20, 8
3624, 407, 61, 6
3625, 1640, 75, 7
3626, 688, 72, 5
3627, 1905, 59, 8
3628, 539, 65, 9
3629, 1672, 97, 14
3630, 163, 61, 10
3631, 611, 54, 4
3632, 1304, 79, 5
3633, 897, 81, 3
3634, 111, 47, 7
3635, 298, 27, 5
3636, 664, 97, 1
3637, 219, 9, 10
3638, 546, 92, 7
3639, 1305, 74, 3
3640, 977, 35, 5
3641, 455, 92, 8
3642, 33, 35, 5
3643, 454, 100, 6
3644, 369, 12, 1
3645, 714, 40, 8
3646, 943, 17, 8
3647, 50, 1, 8
3648, 1994, 53, 12
3649, 998, 58, 2
3650, 461, 77, 2
3651, 1396, 52, 12
3652, 1658, 68, 14
3653, 1099, 10, 4
3654, 218, 18, 5
3655, 1922, 63, 15
3656, 564, 76, 14
3657, 1938, 14, 11
3658, 400, 37, 13
3659, 1710, 70, 8
3660, 812, 31, 10
3661, 1664, 21, 11
3662, 724, 17, 3
3663, 234, 50, 9
3664, 1152, 30, 11
3665, 374, 41, 14
3666, 1987, 86, 1
3667, 698, 29, 7
3668, 1222, 9, 7
3669, 1927, 61, 10
3670, 1911, 1, 1
3671, 1477, 43, 4
3672, 1005, 29, 2
3673, 403, 98, 1
3674, 1254, 99, 3
3675, 1466, 43, 3
3676, 947, 19, 7
3677, 1820, 30, 1
3678, 1282, 21, 12
3679, 1536, 10, 5
3680, 1205, 19, 2
3681, 281, 84, 12
3682, 1803, 3, 6
3683, 781, 82, 9
3684, 913, 68, 5
3685, 675, 2, 8
3686, 1622, 16, 11
3687, 582, 11, 12
3688, 666, 86, 2
3689, 1872, 30, 15
3690, 433, 50, 2
3691, 1889, 28, 8
3692, 1282, 16, 9
3693, 993, 64, 6
3694, 1472, 79, 11
3695, 984, 92, 7
3696, 1898, 26, 9
3697, 239, 87, 1
3698, 318, 60, 3
3699, 1819, 100, 4
3700, 57, 34, 12
3701, 1719, 54, 8
3702, 1168, 38, 13
3703, 935, 35, 2
3704, 676, 56, 15
3705, 1821, 55, 15
3706, 1006, 68, 10
3707, 1771, 59, 6
3708, 719, 43, 10
3709, 1841, 63, 6
3710, 209, 40, 1
3711, 473, 65, 3
3712, 301, 63, 10
3713, 1557, 65, 7
3714, 1614, 45, 6
3715, 479, 15, 7
3716, 1746, 30, 15
3717, 48, 84, 7
3718, 380, 37, 10
3719, 529, 32, 7
3720, 1636, 96, 1
3721, 421, 16, 10
3722, 1882, 47, 1
3723, 1668, 5, 4
3724, 1965, 24, 9
3725, 402, 62, 6
3726, 1298, 34, 1
3727, 25, 70, 7
3728, 1683, 84, 7
3729, 524, 13, 5
3730, 1607, 16, 2
3731, 963, 71, 8
3732, 574, 79, 14
3733, 1342, 31, 12
3734, 602, 87, 11
3735, 432, 13, 4
3736, 366, 78, 8
3737, 1944, 69, 5
3738, 1255, 36, 7
3739, 311, 82, 13
3740, 1240, 52, 7
3741, 488, 79, 15
3742, 522, 4, 10
3743, 993, 7, 12
3744, 1305, 26, 2
3745, 433, 43, 4
3746, 94, 42, 6
3747, 1522, 40, 5
3748, 1209, 59, 1
3749, 1957, 37, 8
3750, 1764, 83, 13
3751, 1461, 34, 1
3752, 692, 94, 9
3753, 31, 5, 9
3754, 1918, 81, 8
3755, 1830, 33, 2
3756, 393, 96, 11
3757, 1560, 64, 10
3758, 753, 21, 2
3759, 1985, 55, 12
3760, 620, 61, 6
3761, 1467, 1, 3
3762, 1953, 47, 13
3763, 782, 10, 10
3764, 1347, 77, 7
3765, 681, 76, 2
3766, 1903, 100, 4
3767, 706, 8, 1
3768, 1917, 88, 7
3769, 1540, 5, 14
3770, 139, 15, 10
3771, 10, 26, 14
3772, 1109, 47, 10
3773, 1660, 63, 15
3774, 624, 76, 1
3775, 1522, 88, 10
3776, 910, 42, 2
3777, 698, 86, 14
3778, 1969, 95, 9
3779, 992, 73, 14
3780, 196, 76, 4
3781, 1155, 29, 6
3782, 669, 86, 12
3783, 789, 7, 4
3784, 258, 39, 2
3785, 1249, 88, 10
3786, 703, 27, 5
3787, 322, 62, 8
3788, 516, 36, 6
3789, 605, 91, 11
3790, 688, 21, 9
3791, 1792, 86, 10
3792, 406, 80, 4
3793, 1938, 66, 3
3794, 370, 49, 14
3795, 1764, 84, 1
3796, 498, 14, 13
3797, 1744, 82, 15
3798, 1426, 1, 11
3799, 1599, 100, 3
3800, 739, 53, 3
3801, 222, 6, 11
3802, 1808, 53, 14
3803, 1515, 14, 3
3804, 1066, 78, 10
3805, 310, 16, 4
3806, 775, 92, 8
3807, 837, 15, 5
3808, 654, 43, 6
3809, 1194, 77, 9
3810, 1006, 84, 6
3811, 1731, 48, 6
3812, 1019, 79, 6
3813, 535, 30, 7
3814, 1290, 19, 15
3815, 777, 16, 11
3816, 1819, 90, 6
3817, 1840, 66, 3
3818, 897, 95, 5
3819, 379, 42, 1
3820, 759, 68, 13
3821, 882, 6, 13
3822, 405, 80, 9
3823, 62, 74, 7
3824, 1948, 45, 7
3825, 841, 41, 7
3826, 236, 41, 11
3827, 1548, 83, 9
3828, 1378, 98, 1
3829, 1901, 45, 12
3830, 275, 5, 14
3831, 1986, 19, 10
3832, 1925, 5, 15
3833, 1903, 79, 11
3834, 1557, 79, 15
3835, 1153, 20, 4
3836, 781, 31, 5
3837, 707, 82, 4
3838, 386, 47, 2
3839, 48, 61, 9
3840, 1927, 7, 3
3841, 1151, 93, 2
3842, 876, 4, 1
3843, 148, 90, 5
3844, 991, 2, 7
3845, 1142, 86, 6
3846, 404, 72, 6
3847, 437, 7, 3
3848, 1755, 33, 12
3849, 913, 21, 3
3850, 1405, 4, 15
3851, 1625, 81, 3
3852, 1637, 43, 1
3853, 415, 50, 11
3854, 618, 41, 13
3855, 1882, 10, 13
3856, 1370, 19, 11
3857, 663, 53, 6
3858, 1113, 59, 12
3859, 801, 92, 2
3860, 587, 80, 6
3861, 583, 34, 4
3862, 1010, 24, 7
3863, 932, 74, 14
3864, 771, 41, 10
3865, 57, 74, 4
3866, 577, 18, 15
3867, 449, 63, 6
3868, 1993, 9, 10
3869, 110, 40, 12
3870, 1486, 17, 12
3871, 255, 51, 12
3872, 1988, 96, 7
3873, 391, 59, 11
3874, 1253, 20, 10
3875, 1857, 89, 5
3876, 350, 30, 4
3877, 27, 33, 11
3878, 1295, 85, 8
3879, 187, 30, 13
3880, 955, 55, 8
3881, 1600, 62, 2
3882, 707, 53, 1
3883, 1606, 100, 8
3884, 1747, 68, 6
3885, 1676, 59, 11
3886, 1712, 87, 11
3887, 641, 96, 4
3888, 39, 68, 9
3889, 209, 35, 13
3890, 1611, 9, 3
3891, 284, 93, 13
3892, 610, 22, 9
3893, 534, 94, 2
3894, 1223, 78, 10
3895, 1917, 94, 12
3896, 1098, 78, 1
3897, 1802, 67, 4
3898, 902, 56, 2
3899, 183, 54, 11
3900, 238, 60, 2
3901, 1376, 46, 2
3902, 1824, 79, 7
3903, 1969, 7, 6
3904, 1607, 19, 14
3905, 1783, 12, 2
3906, 1424, 71, 6
3907, 1663, 41, 6
3908, 1079, 64, 4
3909, 300, 92, 12
3910, 1693, 47, 9
3911, 687, 55, 15
3912, 773, 5, 8
3913, 847, 76, 8
3914, 457, 66, 14
3915, 1663, 87, 1
3916, 1014, 24, 10
3917, 1145, 34, 2
3918, 1761, 13, 6
3919, 407, 12, 1
3920, 77, 44, 3
3921, 665, 5, 4
3922, 1476, 69, 12
3923, 1643, 69, 3
3924, 67, 4, 2
3925, 1744, 25, 12
3926, 494, 5, 15
3927, 986, 18, 15
3928, 1478, 56, 14
3929, 1514, 74, 4
3930, 472, 70, 12
3931, 1173, 50, 5
3932, 753, 89, 15
3933, 824, 59, 1
3934, 1626, 36, 8
3935, 263, 79, 10
3936, 619, 77, 7
3937, 1302, 1, 12
3938, 634, 86, 1
3939, 330, 78, 1
3940, 6, 83, 6
3941, 1888, 76, 2
3942, 713, 51, 7
3943, 696, 17, 14
3944, 1039, 62, 12
3945, 1339, 81, 15
3946, 772, 32, 10
3947, 871, 32, 9
3948, 515, 99, 2
3949, 1827, 77, 12
3950, 533, 34, 13
3951, 1072, 61, 7
3952, 993, 2, 11
3953, 262, 63, 11
3954, 635, 44, 5
3955, 749, 11, 8
3956, 114, 22, 13
3957, 10, 41, 9
3958, 1911, 60, 7
3959, 869, 35, 2
3960, 1837, 18, 4
3961, 1539, 21, 1
3962, 1710, 13, 1
3963, 1800, 48, 15
3964, 1731, 48, 5
3965, 139, 51, 14
3966, 1043, 29, 6
3967, 792, 15, 1
3968, 584, 88, 10
3969, 210, 85, 7
3970, 425, 19, 5
3971, 725, 10, 4
3972, 1860, 20, 11
3973, 1320, 100, 15
3974, 1402, 80, 11
3975, 1309, 29, 13
3976, 738, 35, 14
3977, 648, 45, 10
3978, 1949, 13, 7
3979, 1686, 14, 9
3980, 453, 56, 2
3981, 760, 30, 9
3982, 1464, 52, 10
3983, 1653, 34, 1
3984, 1799, 70, 14
3985, 1053, 37, 13
3986, 853, 83, 1
3987, 1077, 40, 12
3988, 1727, 32, 6
3989, 324, 63, 3
3990, 1321, 16, 10
3991, 1868, 18, 8
3992, 1497, 45, 1
3993, 1856, 71, 8
3994, 1100, 93, 12
3995, 757, 41, 2
3996, 58, 59, 1
3997, 893, 88, 15
3998, 19, 50, 5
3999, 1576, 32, 10
4000, 134, 58, 7